models=Pursue	selected=Random Walk	walkingtime=20	selected=random initializer	scale=1.0	params=0.0,1.0,	bias=0.0	distribution=jsc.distributions.Uniform	scale=1.0	params=0.0,1.0,	bias=0.0	distribution=jsc.distributions.Uniform	maxpausetime=10	minspeed=5	selected=squarereflect	height=500	width=500	maxspeed=10	selected=NullPowerAlgorithm	locationinitializer=Null	adr=0.45	maps=squarereflect	height=500	width=500	leadersmodeloffset=0.0,0.0,	sdr=0.15	pergrouprange=false	extratraces=true	groupsizes=20,20,20,20,20,	rangealgorithms=NullPowerAlgorithm	maxinitialdistance=0	filenamegenerator=simple	seed=outputtrace	numberiterate=true	defaultfilter=edu.sharif.ce.dml.common.data.trace.filter.DirectoryFilter	isinput=false	fileaddress=output	multiple=false	tracewriter=text	nodenumber=100	maxsimulationtime=1000
Time	Node	PositionX	PositionY	Speed	Direction Angle	Range	GroupNumber	Is Leader
1	0	457	463	9.86	1.21	0	0	true
1	1	465	452	8.46	3.55	0	0	false
1	2	445	447	9.35	1.87	0	0	false
1	3	449	444	8.86	1.59	0	0	false
1	4	450	463	10.91	-2.35	0	0	false
1	5	445	447	8.51	2.19	0	0	false
1	6	464	455	10.45	1.23	0	0	false
1	7	454	463	10.39	2.27	0	0	false
1	8	459	448	11.04	0.23	0	0	false
1	9	462	450	10.57	1.97	0	0	false
1	10	450	463	11.21	-0.67	0	0	false
1	11	444	450	9.65	0.38	0	0	false
1	12	453	444	9.87	3.57	0	0	false
1	13	458	462	11.25	4	0	0	false
1	14	464	454	9.69	0.24	0	0	false
1	15	451	462	9.99	2.85	0	0	false
1	16	447	460	10.54	-1.71	0	0	false
1	17	458	463	11.12	5.73	0	0	false
1	18	463	457	11.18	3.03	0	0	false
1	19	463	449	10.99	0.3	0	0	false
1	20	13	347	7.25	6.05	0	1	true
1	21	10	353	7.81	4.51	0	1	false
1	22	7	356	7.25	6.08	0	1	false
1	23	0	353	6.28	3.34	0	1	false
1	24	4	357	7.74	2.67	0	1	false
1	25	3	343	6.91	-1.64	0	1	false
1	26	5	356	7.73	4.25	0	1	false
1	27	1	346	6.62	0.03	0	1	false
1	28	10	344	7.03	2.31	0	1	false
1	29	7	355	7.96	4.79	0	1	false
1	30	0	343	6.87	1.28	0	1	false
1	31	1	345	7.17	0.98	0	1	false
1	32	9	343	8.25	3.5	0	1	false
1	33	12	346	7.67	0.77	0	1	false
1	34	3	355	8.2	4.2	0	1	false
1	35	11	345	7.74	3.27	0	1	false
1	36	1	354	7.63	6.48	0	1	false
1	37	3	355	7.52	3.95	0	1	false
1	38	11	353	6.32	3.82	0	1	false
1	39	2	344	7.33	0.99	0	1	false
1	40	493	93	8.49	0.86	0	2	true
1	41	496	86	8.27	-0.7	0	2	false
1	42	483	93	9.24	-1.79	0	2	false
1	43	483	79	7.96	0.8	0	2	false
1	44	481	82	9.38	0.1	0	2	false
1	45	479	91	9.16	-1.62	0	2	false
1	46	492	80	9.23	1.42	0	2	false
1	47	496	88	9.06	-0.62	0	2	false
1	48	491	93	8.09	0.03	0	2	false
1	49	491	95	8.41	3.31	0	2	false
1	50	496	87	8.69	1.27	0	2	false
1	51	493	81	8.02	2.44	0	2	false
1	52	487	95	8.94	6.27	0	2	false
1	53	482	80	8.82	-0.62	0	2	false
1	54	480	84	8.46	1.13	0	2	false
1	55	482	94	8.7	8.22	0	2	false
1	56	496	88	7.8	4.22	0	2	false
1	57	495	82	8.77	3.28	0	2	false
1	58	495	88	7.67	4.85	0	2	false
1	59	481	81	9.07	0.22	0	2	false
1	60	215	426	9.92	0.89	0	3	true
1	61	219	414	10.27	1.24	0	3	false
1	62	201	424	11.29	-2.6	0	3	false
1	63	210	408	8.51	-0.2	0	3	false
1	64	217	423	9.58	4.89	0	3	false
1	65	214	411	10.5	2.24	0	3	false
1	66	217	421	8.91	1.89	0	3	false
1	67	215	409	9.38	2.86	0	3	false
1	68	200	414	9.72	0.8	0	3	false
1	69	204	410	8.81	-0.62	0	3	false
1	70	207	429	9.84	8.34	0	3	false
1	71	216	414	9.02	4.11	0	3	false
1	72	217	415	9.31	-0.94	0	3	false
1	73	209	429	9.11	7.31	0	3	false
1	74	207	408	9.69	-1.57	0	3	false
1	75	219	420	9.7	2.9	0	3	false
1	76	217	411	10.02	0.55	0	3	false
1	77	210	409	10.6	3.5	0	3	false
1	78	201	425	8.9	-2.16	0	3	false
1	79	203	409	9.64	-1.83	0	3	false
1	80	223	310	5.75	5.04	0	4	true
1	81	225	311	6.37	4	0	4	false
1	82	216	312	6.46	5.55	0	4	false
1	83	219	320	5.41	7.91	0	4	false
1	84	224	319	6.36	4.11	0	4	false
1	85	223	320	6	7.36	0	4	false
1	86	217	318	5.41	4.89	0	4	false
1	87	217	318	5.64	5.41	0	4	false
1	88	227	317	6.45	3.2	0	4	false
1	89	226	318	6.44	6.95	0	4	false
1	90	223	310	5.12	3.01	0	4	false
1	91	225	312	5.12	3.31	0	4	false
1	92	215	312	5.16	5.83	0	4	false
1	93	220	320	4.98	6.08	0	4	false
1	94	226	316	5.05	6.49	0	4	false
1	95	217	312	5.86	8.35	0	4	false
1	96	217	318	5.15	7.84	0	4	false
1	97	219	310	5.74	7.89	0	4	false
1	98	224	319	6.09	4.94	0	4	false
1	99	222	320	5.44	3.92	0	4	false
2	0	460	472	9.86	1.21	0	0	true
2	1	457	449	8.99	1.17	0	0	false
2	2	443	456	8.93	-1.18	0	0	false
2	3	449	453	10.33	3.51	0	0	false
2	4	443	455	11.33	1.28	0	0	false
2	5	440	454	11.2	-1.31	0	0	false
2	6	467	465	10.26	1.54	0	0	false
2	7	448	471	10.22	2.95	0	0	false
2	8	470	450	8.45	2.76	0	0	false
2	9	458	460	9.38	2.87	0	0	false
2	10	459	456	9.45	0.42	0	0	false
2	11	453	454	10.41	1.16	0	0	false
2	12	444	440	8.46	3.71	0	0	false
2	13	451	454	8.48	-0.8	0	0	false
2	14	474	456	10.5	4.69	0	0	false
2	15	441	465	9.1	0.15	0	0	false
2	16	446	449	10.25	1.53	0	0	false
2	17	468	457	11.03	2.45	0	0	false
2	18	452	459	8.57	0.96	0	0	false
2	19	473	452	8.51	0.28	0	0	false
2	20	20	346	7.25	6.05	0	1	true
2	21	9	345	7.98	-2.49	0	1	false
2	22	15	354	8.32	7.2	0	1	false
2	23	5	352	6.86	5.26	0	1	false
2	24	2	360	6.45	4.38	0	1	false
2	25	3	336	7.7	2.2	0	1	false
2	26	1	349	6.23	6.23	0	1	false
2	27	7	347	7.14	6.18	0	1	false
2	28	5	349	7.71	8.78	0	1	false
2	29	7	347	6.89	4.53	0	1	false
2	30	2	350	6.78	5.6	0	1	false
2	31	5	351	6.39	5.17	0	1	false
2	32	1	340	7.48	2.93	0	1	false
2	33	17	352	6.62	7.14	0	1	false
2	34	0	347	6.72	5.82	0	1	false
2	35	4	344	6.49	-0.78	0	1	false
2	36	9	355	6.35	3.96	0	1	false
2	37	1	350	6.5	8.39	0	1	false
2	38	7	349	7.42	8.69	0	1	false
2	39	6	350	8.34	3.35	0	1	false
2	40	498	99	8.49	0.86	0	2	true
2	41	496	81	8.85	1.39	0	2	false
2	42	481	84	9.51	-1.62	0	2	false
2	43	488	85	7.59	0.08	0	2	false
2	44	491	83	8.14	3.21	0	2	false
2	45	479	82	8.45	2.74	0	2	false
2	46	493	89	7.35	1.94	0	2	false
2	47	496	82	9.11	1.71	0	2	false
2	48	499	93	8.06	-0.49	0	2	false
2	49	482	94	8.89	3	0	2	false
2	50	498	95	8.49	3.69	0	2	false
2	51	487	86	8.08	2.02	0	2	false
2	52	496	95	8.37	0.4	0	2	false
2	53	489	75	8.31	1.17	0	2	false
2	54	483	92	9.22	1.22	0	2	false
2	55	479	102	8.79	7.88	0	2	false
2	56	492	81	8.39	2.13	0	2	false
2	57	486	81	8.39	3.12	0	2	false
2	58	496	81	7.97	-0.94	0	2	false
2	59	490	83	7.64	-0.32	0	2	false
2	60	221	433	9.92	0.89	0	3	true
2	61	222	424	10.91	0.17	0	3	false
2	62	191	419	9.75	0.34	0	3	false
2	63	218	407	8.57	2.03	0	3	false
2	64	219	413	9.95	3.04	0	3	false
2	65	208	419	9.95	1.42	0	3	false
2	66	214	430	10.95	1.28	0	3	false
2	67	206	411	10.61	-0.31	0	3	false
2	68	207	421	9.95	1.04	0	3	false
2	69	211	405	9.49	1.69	0	3	false
2	70	202	437	10.33	4.8	0	3	false
2	71	211	407	10.25	3.44	0	3	false
2	72	222	408	11.26	3.47	0	3	false
2	73	213	437	10.43	4.48	0	3	false
2	74	207	399	9.86	2.7	0	3	false
2	75	209	423	8.77	0.66	0	3	false
2	76	226	416	9.31	4.66	0	3	false
2	77	200	405	9.83	1.7	0	3	false
2	78	196	418	9.05	-1.6	0	3	false
2	79	200	400	9.87	0.49	0	3	false
2	80	225	304	5.75	5.04	0	4	true
2	81	220	306	5.33	6.19	0	4	false
2	82	220	307	5.68	6.14	0	4	false
2	83	218	325	6.58	7.16	0	4	false
2	84	221	314	6.33	5.52	0	4	false
2	85	226	325	6.32	3.04	0	4	false
2	86	218	313	5.39	4.95	0	4	false
2	87	221	314	6.6	7.38	0	4	false
2	88	221	316	5.3	3.47	0	4	false
2	89	231	322	6.28	4.13	0	4	false
2	90	218	310	5.77	7.8	0	4	false
2	91	220	311	5.13	5.45	0	4	false
2	92	220	310	5.59	3.83	0	4	false
2	93	225	319	5.48	2.13	0	4	false
2	94	231	317	5.44	5.27	0	4	false
2	95	214	317	5.52	4.01	0	4	false
2	96	217	323	5.47	6.44	0	4	false
2	97	219	316	5.42	2.96	0	4	false
2	98	225	313	5.47	5.59	0	4	false
2	99	218	316	5.83	7.59	0	4	false
3	0	464	482	9.86	1.21	0	0	true
3	1	460	457	9.12	3.65	0	0	false
3	2	446	448	9.49	-0.85	0	0	false
3	3	439	449	10.01	1.27	0	0	false
3	4	446	466	10.67	3.43	0	0	false
3	5	443	443	9.78	-0.3	0	0	false
3	6	468	475	11.1	-0.4	0	0	false
3	7	438	472	8.97	2.37	0	0	false
3	8	462	454	8.64	0.58	0	0	false
3	9	449	462	9.56	-1.65	0	0	false
3	10	467	459	11.09	0.6	0	0	false
3	11	457	463	9.26	-1.21	0	0	false
3	12	437	435	10.76	1.07	0	0	false
3	13	456	448	11.24	3.83	0	0	false
3	14	474	445	10.79	0.56	0	0	false
3	15	450	466	9.59	2.15	0	0	false
3	16	446	459	9.9	-1.44	0	0	false
3	17	459	464	8.45	1.25	0	0	false
3	18	456	466	8.58	1.69	0	0	false
3	19	481	455	9.02	2.88	0	0	false
3	20	27	344	7.25	6.05	0	1	true
3	21	2	341	7.41	0.95	0	1	false
3	22	20	361	8.33	7.38	0	1	false
3	23	8	346	8.24	4.46	0	1	false
3	24	0	354	7.32	8.67	0	1	false
3	25	1	342	8.13	1.16	0	1	false
3	26	7	349	7.72	5.05	0	1	false
3	27	15	346	7.56	3.85	0	1	false
3	28	0	354	6.73	6.65	0	1	false
3	29	6	340	7.07	0.1	0	1	false
3	30	7	346	7.28	5.38	0	1	false
3	31	8	345	6.53	4.58	0	1	false
3	32	5	342	6.75	0.09	0	1	false
3	33	22	357	7.41	2.38	0	1	false
3	34	6	344	6.55	8.28	0	1	false
3	35	8	339	7.02	1.44	0	1	false
3	36	5	350	7.69	4.24	0	1	false
3	37	1	356	7.17	3.7	0	1	false
3	38	1	354	7.77	6.44	0	1	false
3	39	1	349	8.25	7.59	0	1	false
3	40	495	106	8.49	2.28	0	2	true
3	41	498	90	8.19	-0.03	0	2	false
3	42	480	74	8.6	0.07	0	2	false
3	43	496	86	9.63	3.19	0	2	false
3	44	483	83	7.57	2.77	0	2	false
3	45	471	85	8.43	1.51	0	2	false
3	46	491	96	7.8	1.43	0	2	false
3	47	495	91	9.52	-1.17	0	2	false
3	48	493	89	8.73	3.2	0	2	false
3	49	473	95	8.31	2.86	0	2	false
3	50	491	91	8.07	-0.58	0	2	false
3	51	483	93	9.3	1.95	0	2	false
3	52	495	99	8.9	0.07	0	2	false
3	53	492	82	8.31	4.06	0	2	false
3	54	486	100	8.82	0.52	0	2	false
3	55	478	111	7.55	4.28	0	2	false
3	56	488	88	7.47	-1.56	0	2	false
3	57	478	81	8.38	-0.52	0	2	false
3	58	498	74	7.7	1.28	0	2	false
3	59	497	80	8.15	3.32	0	2	false
3	60	227	441	9.92	0.89	0	3	true
3	61	233	426	11.24	0.81	0	3	false
3	62	200	422	9.58	0.58	0	3	false
3	63	214	414	10.96	-1.05	0	3	false
3	64	209	414	10.51	2.4	0	3	false
3	65	209	429	8.54	0.28	0	3	false
3	66	218	440	8.89	1.37	0	3	false
3	67	216	408	8.63	2.28	0	3	false
3	68	212	430	9.22	1.5	0	3	false
3	69	210	414	11.26	3.57	0	3	false
3	70	203	427	10.65	0.07	0	3	false
3	71	201	404	8.96	3.66	0	3	false
3	72	212	404	10.61	1.23	0	3	false
3	73	211	427	10.96	2.44	0	3	false
3	74	198	403	9.22	-0.64	0	3	false
3	75	216	428	8.76	2.74	0	3	false
3	76	225	407	9.73	3.07	0	3	false
3	77	199	415	10.84	2.76	0	3	false
3	78	196	409	10.9	-0.89	0	3	false
3	79	209	405	11.37	1.14	0	3	false
3	80	227	299	5.75	5.04	0	4	true
3	81	226	306	5.66	5.55	0	4	false
3	82	226	307	6.52	3.26	0	4	false
3	83	222	330	6.01	4.41	0	4	false
3	84	225	309	5.45	4.69	0	4	false
3	85	220	326	5.34	4.34	0	4	false
3	86	219	308	5.44	5.29	0	4	false
3	87	224	319	4.89	2.61	0	4	false
3	88	216	315	5.28	4.86	0	4	false
3	89	228	316	5.39	6.36	0	4	false
3	90	219	316	5.55	3.09	0	4	false
3	91	224	307	5.12	6.93	0	4	false
3	92	216	307	5.38	7.07	0	4	false
3	93	222	324	5.44	3.88	0	4	false
3	94	234	312	5.45	5.98	0	4	false
3	95	210	313	4.99	4.51	0	4	false
3	96	223	324	6.36	2.69	0	4	false
3	97	214	317	4.9	7.74	0	4	false
3	98	230	310	5.92	1.62	0	4	false
3	99	220	322	6.32	5.64	0	4	false
4	0	467	491	9.86	1.21	0	0	true
4	1	452	453	9.76	0.63	0	0	false
4	2	452	441	10.95	3.46	0	0	false
4	3	442	459	8.6	-1.84	0	0	false
4	4	436	463	9.33	-1.37	0	0	false
4	5	453	441	8.47	-1.42	0	0	false
4	6	478	471	9.63	2.56	0	0	false
4	7	431	479	9.91	0.69	0	0	false
4	8	470	458	10.71	3.86	0	0	false
4	9	448	453	8.9	2.12	0	0	false
4	10	477	466	8.72	3.62	0	0	false
4	11	460	454	9.64	0.29	0	0	false
4	12	442	444	9.89	-0.8	0	0	false
4	13	448	441	11.09	3.64	0	0	false
4	14	483	451	10.02	3.42	0	0	false
4	15	445	475	11.1	-1.77	0	0	false
4	16	447	450	10.8	1.92	0	0	false
4	17	462	472	9.68	-1.34	0	0	false
4	18	455	474	9	1.29	0	0	false
4	19	473	457	10	1.97	0	0	false
4	20	34	342	7.25	6.05	0	1	true
4	21	7	347	6.82	6.24	0	1	false
4	22	23	368	6.69	6.08	0	1	false
4	23	6	338	8.25	-1.68	0	1	false
4	24	5	359	6.94	3.51	0	1	false
4	25	4	350	6.91	5.92	0	1	false
4	26	10	342	7.45	1.75	0	1	false
4	27	9	341	6.6	-0.24	0	1	false
4	28	7	356	6.35	3.71	0	1	false
4	29	13	341	7.93	1.38	0	1	false
4	30	12	340	6.86	2.7	0	1	false
4	31	7	338	8.3	1.06	0	1	false
4	32	12	343	7.92	6.72	0	1	false
4	33	16	362	6.89	8.02	0	1	false
4	34	3	350	6.72	7.22	0	1	false
4	35	9	346	7.64	4.74	0	1	false
4	36	1	344	8.08	7.75	0	1	false
4	37	4	352	7.66	7.3	0	1	false
4	38	9	355	7.8	6.12	0	1	false
4	39	4	357	7.41	4.7	0	1	false
4	40	490	112	8.49	2.28	0	2	true
4	41	493	89	9.55	4.46	0	2	false
4	42	489	75	7.65	-1.22	0	2	false
4	43	486	85	8.36	-1.07	0	2	false
4	44	476	85	8.27	0.64	0	2	false
4	45	472	94	8.36	1.94	0	2	false
4	46	492	104	7.25	0	0	2	false
4	47	498	83	8.8	3.05	0	2	false
4	48	484	89	8.18	1.94	0	2	false
4	49	465	97	8.82	-2.13	0	2	false
4	50	498	86	8.43	2.6	0	2	false
4	51	480	102	7.77	-1.09	0	2	false
4	52	495	99	7.85	4.52	0	2	false
4	53	487	76	9.35	4.16	0	2	false
4	54	494	105	8.85	4.22	0	2	false
4	55	475	104	8.97	-0.09	0	2	false
4	56	488	81	9.3	1.02	0	2	false
4	57	485	77	7.6	2.52	0	2	false
4	58	499	82	9.55	0.42	0	2	false
4	59	489	79	9.37	0.23	0	2	false
4	60	234	449	9.92	0.89	0	3	true
4	61	241	434	10.21	3.67	0	3	false
4	62	208	427	9.53	0.35	0	3	false
4	63	220	405	10.74	2.92	0	3	false
4	64	201	421	10.95	1.24	0	3	false
4	65	218	432	8.48	0.43	0	3	false
4	66	219	449	11.07	0.69	0	3	false
4	67	211	414	11.33	1.94	0	3	false
4	68	213	439	11.12	-1.19	0	3	false
4	69	200	409	10.45	0.19	0	3	false
4	70	214	428	9.18	-0.89	0	3	false
4	71	194	399	9.98	2.29	0	3	false
4	72	215	414	10.55	0.23	0	3	false
4	73	203	434	10.45	2.85	0	3	false
4	74	205	397	8.92	1.56	0	3	false
4	75	208	431	10.58	-0.75	0	3	false
4	76	216	407	10.68	-0.71	0	3	false
4	77	189	419	8.95	0.81	0	3	false
4	78	203	400	8.66	-0.87	0	3	false
4	79	214	415	10.22	1.94	0	3	false
4	80	229	293	5.75	5.04	0	4	true
4	81	230	302	5.34	5.14	0	4	false
4	82	220	306	5.66	7.08	0	4	false
4	83	221	324	5.31	5.4	0	4	false
4	84	225	304	5.76	3.42	0	4	false
4	85	218	321	6.21	7.72	0	4	false
4	86	222	303	5.88	3.96	0	4	false
4	87	219	322	5.39	3.26	0	4	false
4	88	217	309	6.21	6.86	0	4	false
4	89	233	317	4.96	5.92	0	4	false
4	90	213	316	6.59	3.54	0	4	false
4	91	228	310	5.44	3.4	0	4	false
4	92	220	310	5.46	7.69	0	4	false
4	93	218	320	5.91	7.15	0	4	false
4	94	239	310	6.19	6.88	0	4	false
4	95	209	308	5.25	5.41	0	4	false
4	96	217	327	5.44	4.91	0	4	false
4	97	214	322	4.9	3.64	0	4	false
4	98	229	315	5.86	3.93	0	4	false
4	99	225	318	6.12	4.75	0	4	false
5	0	471	499	9.86	5.07	0	0	true
5	1	460	458	10.12	-0.53	0	0	false
5	2	442	437	8.78	-0.88	0	0	false
5	3	440	450	10.77	-0.55	0	0	false
5	4	438	454	8.49	-0.94	0	0	false
5	5	454	432	8.82	2.63	0	0	false
5	6	470	476	11	0.14	0	0	false
5	7	439	485	8.94	1.08	0	0	false
5	8	461	451	10.48	1.77	0	0	false
5	9	443	461	10.16	3.41	0	0	false
5	10	469	462	9.09	3.67	0	0	false
5	11	470	457	9.95	2.53	0	0	false
5	12	449	437	9.32	-0.56	0	0	false
5	13	438	435	9.31	3.5	0	0	false
5	14	473	448	8.43	-0.51	0	0	false
5	15	443	464	11.15	2.56	0	0	false
5	16	444	460	9.18	3.73	0	0	false
5	17	464	463	8.9	3.6	0	0	false
5	18	458	483	8.45	2.54	0	0	false
5	19	469	466	10	1.01	0	0	false
5	20	41	341	7.25	6.05	0	1	true
5	21	13	346	6.82	8.32	0	1	false
5	22	30	367	7.3	7.63	0	1	false
5	23	5	330	7.79	-1.59	0	1	false
5	24	1	357	7.19	8.47	0	1	false
5	25	10	347	6.86	6.67	0	1	false
5	26	9	349	7.13	4.01	0	1	false
5	27	15	339	6.47	2.14	0	1	false
5	28	1	353	7.89	8.62	0	1	false
5	29	15	349	8.03	4.44	0	1	false
5	30	6	343	6.74	7.12	0	1	false
5	31	11	346	7.07	5.68	0	1	false
5	32	19	346	8.11	7.99	0	1	false
5	33	15	369	6.98	7.72	0	1	false
5	34	7	356	6.77	7.19	0	1	false
5	35	9	338	8.23	2.39	0	1	false
5	36	2	352	7.62	6.81	0	1	false
5	37	8	358	6.35	6.59	0	1	false
5	38	16	354	6.74	8.03	0	1	false
5	39	4	349	7.81	3.81	0	1	false
5	40	484	119	8.49	2.28	0	2	true
5	41	491	80	8.1	1.66	0	2	false
5	42	492	68	9.24	-0.18	0	2	false
5	43	490	78	9.53	3.88	0	2	false
5	44	482	90	8.15	2.56	0	2	false
5	45	469	102	7.56	-0.3	0	2	false
5	46	499	104	8.73	-0.04	0	2	false
5	47	490	83	9.47	0.64	0	2	false
5	48	481	97	8.34	3.84	0	2	false
5	49	461	90	9.01	2.77	0	2	false
5	50	491	91	8.75	1	0	2	false
5	51	483	95	8.88	1.86	0	2	false
5	52	494	91	7.81	0.34	0	2	false
5	53	482	68	7.43	3.78	0	2	false
5	54	490	97	8.43	1.49	0	2	false
5	55	484	103	7.54	1.46	0	2	false
5	56	493	89	9.37	3.93	0	2	false
5	57	479	81	9.59	2.53	0	2	false
5	58	492	86	9.15	2.52	0	2	false
5	59	498	81	7.41	0.01	0	2	false
5	60	240	457	9.92	0.89	0	3	true
5	61	232	429	10.69	-0.35	0	3	false
5	62	217	430	9.69	-1.48	0	3	false
5	63	209	407	8.85	0.59	0	3	false
5	64	205	432	10.58	1.79	0	3	false
5	65	225	435	8.82	2.5	0	3	false
5	66	228	456	8.93	-0.71	0	3	false
5	67	207	425	10.18	1.42	0	3	false
5	68	217	429	9.44	3.45	0	3	false
5	69	210	411	9.57	-1.26	0	3	false
5	70	219	421	9	3.42	0	3	false
5	71	187	407	10.16	2.03	0	3	false
5	72	225	416	8.91	0.98	0	3	false
5	73	193	437	9.11	1.48	0	3	false
5	74	205	406	9.76	2.38	0	3	false
5	75	216	424	10.43	2.12	0	3	false
5	76	224	400	9.88	3.58	0	3	false
5	77	195	426	8.8	-0.81	0	3	false
5	78	209	394	10.14	0.07	0	3	false
5	79	210	424	9.29	-0.58	0	3	false
5	80	230	288	5.75	5.04	0	4	true
5	81	232	297	5.32	6.68	0	4	false
5	82	224	310	6.42	6.3	0	4	false
5	83	224	320	5.81	6.71	0	4	false
5	84	219	302	5.88	4.1	0	4	false
5	85	219	327	5.12	5.67	0	4	false
5	86	218	299	5.07	8.15	0	4	false
5	87	214	321	4.91	4.96	0	4	false
5	88	222	313	5.14	5.71	0	4	false
5	89	238	315	5.94	6.77	0	4	false
5	90	207	314	6.31	4.22	0	4	false
5	91	222	309	5.87	2.47	0	4	false
5	92	221	316	5.67	6.14	0	4	false
5	93	222	324	5.23	5.78	0	4	false
5	94	244	314	6.24	3.13	0	4	false
5	95	213	304	6.48	5.36	0	4	false
5	96	218	321	5.09	4.74	0	4	false
5	97	210	320	5.63	5.89	0	4	false
5	98	225	311	6.25	4.13	0	4	false
5	99	225	312	6.47	7.65	0	4	false
6	0	474	490	9.86	5.07	0	0	true
6	1	469	453	10.79	-0.18	0	0	false
6	2	448	431	9.19	3.62	0	0	false
6	3	449	445	8.47	2.55	0	0	false
6	4	443	447	9.3	1.22	0	0	false
6	5	446	436	11.29	1.79	0	0	false
6	6	481	478	10.28	4.44	0	0	false
6	7	443	493	8.9	4.4	0	0	false
6	8	459	462	10.77	-0.15	0	0	false
6	9	433	458	10.51	3.23	0	0	false
6	10	461	457	9.28	0.66	0	0	false
6	11	461	463	10.14	2.31	0	0	false
6	12	457	432	11.3	1.54	0	0	false
6	13	429	432	10.58	0.52	0	0	false
6	14	480	444	11.2	0.36	0	0	false
6	15	433	470	9.76	-0.09	0	0	false
6	16	436	455	9.38	-0.78	0	0	false
6	17	456	459	9.31	-1.64	0	0	false
6	18	451	488	8.43	1.95	0	0	false
6	19	474	475	9.87	0.64	0	0	false
6	20	48	339	7.25	6.05	0	1	true
6	21	10	352	7.81	6.12	0	1	false
6	22	32	374	7.8	3.89	0	1	false
6	23	5	322	6.81	-1.38	0	1	false
6	24	2	363	6.54	3.44	0	1	false
6	25	17	350	7.87	8.48	0	1	false
6	26	4	344	7.88	8.57	0	1	false
6	27	12	345	7.18	8.67	0	1	false
6	28	3	359	7.39	7.32	0	1	false
6	29	12	341	6.79	4.19	0	1	false
6	30	10	348	8.11	7.74	0	1	false
6	31	17	342	8.33	4.78	0	1	false
6	32	18	354	8.22	3.57	0	1	false
6	33	16	376	6.34	7.64	0	1	false
6	34	12	361	7.53	5.14	0	1	false
6	35	3	344	6.8	4.29	0	1	false
6	36	8	355	6.25	4.29	0	1	false
6	37	14	360	8.3	7.48	0	1	false
6	38	15	361	6.89	7.04	0	1	false
6	39	2	344	7.61	5.65	0	1	false
6	40	479	125	8.49	2.28	0	2	true
6	41	490	88	9.16	3.77	0	2	false
6	42	498	66	9.15	0.92	0	2	false
6	43	483	71	9.61	2.11	0	2	false
6	44	475	95	8.41	-0.13	0	2	false
6	45	476	99	8.5	-1.08	0	2	false
6	46	491	103	9.22	0.03	0	2	false
6	47	497	89	8.12	2.77	0	2	false
6	48	475	91	7.82	4.01	0	2	false
6	49	452	93	9.52	3.34	0	2	false
6	50	495	98	7.78	0.47	0	2	false
6	51	481	103	8.3	2.29	0	2	false
6	52	498	94	8.19	4.78	0	2	false
6	53	476	63	9.5	-0.19	0	2	false
6	54	491	105	8.53	1.61	0	2	false
6	55	485	111	7.26	3.53	0	2	false
6	56	486	82	7.44	0.81	0	2	false
6	57	471	87	9.4	-0.85	0	2	false
6	58	484	91	8.14	4.15	0	2	false
6	59	493	81	9.75	1.49	0	2	false
6	60	246	464	9.92	0.89	0	3	true
6	61	242	425	11.29	2.1	0	3	false
6	62	218	421	9.07	-1.81	0	3	false
6	63	217	412	10.58	1.26	0	3	false
6	64	203	442	9.62	2.55	0	3	false
6	65	218	440	9.22	-0.49	0	3	false
6	66	235	450	10.7	1.53	0	3	false
6	67	208	435	9.87	-1.82	0	3	false
6	68	208	426	11.21	1.95	0	3	false
6	69	213	402	9.36	0.89	0	3	false
6	70	211	418	9.23	3.01	0	3	false
6	71	183	416	9.9	2.32	0	3	false
6	72	230	424	10.4	2.06	0	3	false
6	73	193	446	11.01	-1.15	0	3	false
6	74	198	413	9.01	1.99	0	3	false
6	75	211	433	9.83	2.2	0	3	false
6	76	215	396	9.09	1.72	0	3	false
6	77	201	419	11.3	3.33	0	3	false
6	78	219	394	8.98	0.77	0	3	false
6	79	218	419	9.56	2.85	0	3	false
6	80	232	282	5.75	5.04	0	4	true
6	81	237	299	5.75	6.03	0	4	false
6	82	230	310	6.04	7.32	0	4	false
6	83	229	323	6.41	4.03	0	4	false
6	84	216	297	6	3.97	0	4	false
6	85	223	324	5.11	6.28	0	4	false
6	86	217	304	6.31	6.18	0	4	false
6	87	215	317	5.78	6.6	0	4	false
6	88	226	310	5.88	2.54	0	4	false
6	89	243	318	5.99	2.77	0	4	false
6	90	204	308	5.2	4.64	0	4	false
6	91	218	313	6.57	7.41	0	4	false
6	92	226	315	5.98	6.72	0	4	false
6	93	227	322	5.76	7.16	0	4	false
6	94	238	314	6.21	2.12	0	4	false
6	95	217	299	6.19	6.17	0	4	false
6	96	218	316	5.09	3.51	0	4	false
6	97	215	317	5.05	5.71	0	4	false
6	98	222	306	5.02	7.23	0	4	false
6	99	226	318	6.49	7.21	0	4	false
7	0	478	480	9.86	5.07	0	0	true
7	1	480	451	10.54	3.53	0	0	false
7	2	439	426	10.74	-1.86	0	0	false
7	3	442	449	8.6	-1.07	0	0	false
7	4	446	456	11.24	0.54	0	0	false
7	5	444	447	9.17	-1.58	0	0	false
7	6	478	468	11.25	-0.57	0	0	false
7	7	440	484	9.16	5.99	0	0	false
7	8	470	460	10.92	3.25	0	0	false
7	9	423	457	9.93	3.03	0	0	false
7	10	468	463	11.11	0.17	0	0	false
7	11	455	470	9.42	0.15	0	0	false
7	12	458	444	11.33	-1.19	0	0	false
7	13	439	437	10.22	2.19	0	0	false
7	14	491	448	10.41	2.99	0	0	false
7	15	443	469	11.19	-1.84	0	0	false
7	16	443	448	9.72	2.21	0	0	false
7	17	455	450	10.08	-0.95	0	0	false
7	18	448	495	8.55	4.74	0	0	false
7	19	482	481	10.68	4.98	0	0	false
7	20	55	337	7.25	6.05	0	1	true
7	21	18	351	7.55	6.76	0	1	false
7	22	26	369	7.03	7.42	0	1	false
7	23	7	316	7.31	2.14	0	1	false
7	24	3	361	7.25	6.43	0	1	false
7	25	12	356	8.25	8.17	0	1	false
7	26	0	350	6.81	6.85	0	1	false
7	27	7	350	7.24	4.47	0	1	false
7	28	7	365	6.69	7.1	0	1	false
7	29	9	335	7.78	-0.4	0	1	false
7	30	11	356	7.47	8.53	0	1	false
7	31	17	333	6.91	1.59	0	1	false
7	32	11	350	7.29	4.42	0	1	false
7	33	17	382	6.71	5.56	0	1	false
7	34	15	354	7.11	8.02	0	1	false
7	35	1	338	6.85	5.87	0	1	false
7	36	6	350	7.8	6.87	0	1	false
7	37	17	368	7.06	7.62	0	1	false
7	38	20	365	8.02	5.24	0	1	false
7	39	8	340	7.79	6.13	0	1	false
7	40	473	132	8.49	2.28	0	2	true
7	41	482	83	7.48	2.7	0	2	false
7	42	495	73	7.72	-0.13	0	2	false
7	43	478	80	8.24	-0.9	0	2	false
7	44	484	94	7.37	-0.41	0	2	false
7	45	480	92	8.07	3.66	0	2	false
7	46	499	104	8.86	3.04	0	2	false
7	47	490	92	7.94	2.83	0	2	false
7	48	470	85	7.7	0.39	0	2	false
7	49	443	91	8.53	2.39	0	2	false
7	50	497	102	9.65	0.6	0	2	false
7	51	475	110	7.57	1.2	0	2	false
7	52	499	86	7.64	3.05	0	2	false
7	53	485	62	9.14	1.6	0	2	false
7	54	490	114	8.53	3.02	0	2	false
7	55	478	108	7.61	-0.51	0	2	false
7	56	491	87	9.72	2.21	0	2	false
7	57	477	79	9	1.83	0	2	false
7	58	480	84	7.27	-0.89	0	2	false
7	59	494	91	8.54	2.21	0	2	false
7	60	252	472	9.92	0.89	0	3	true
7	61	236	435	10.41	0.75	0	3	false
7	62	216	412	10.7	3.83	0	3	false
7	63	220	422	10.58	3.6	0	3	false
7	64	195	447	8.89	0.45	0	3	false
7	65	226	436	10.06	0.93	0	3	false
7	66	235	461	9.44	3.32	0	3	false
7	67	206	426	9.17	0.33	0	3	false
7	68	204	436	10.88	-1.33	0	3	false
7	69	219	410	10.49	0.47	0	3	false
7	70	202	419	8.75	-1.88	0	3	false
7	71	176	423	8.97	0.01	0	3	false
7	72	225	433	9.14	-0.16	0	3	false
7	73	198	436	8.97	1.26	0	3	false
7	74	194	421	9.95	1.16	0	3	false
7	75	205	441	11.28	2.17	0	3	false
7	76	213	405	8.8	0.91	0	3	false
7	77	190	417	9.25	1.44	0	3	false
7	78	225	401	9.85	3.96	0	3	false
7	79	208	422	8.53	-1.68	0	3	false
7	80	234	277	5.75	5.04	0	4	true
7	81	243	298	5.47	6.42	0	4	false
7	82	233	315	6.45	6.99	0	4	false
7	83	225	318	6.5	3.27	0	4	false
7	84	212	293	6.09	6.91	0	4	false
7	85	228	324	6.61	4.74	0	4	false
7	86	223	303	6.32	6.7	0	4	false
7	87	221	318	6.27	6.47	0	4	false
7	88	221	313	5.7	6.62	0	4	false
7	89	237	320	5.75	7.38	0	4	false
7	90	204	303	6.22	4.08	0	4	false
7	91	221	319	5.4	2.51	0	4	false
7	92	232	317	5.14	4.46	0	4	false
7	93	230	326	5.97	3.06	0	4	false
7	94	235	319	5.74	3.91	0	4	false
7	95	223	298	5.11	2.87	0	4	false
7	96	213	314	5.68	2.54	0	4	false
7	97	219	315	5.8	4.63	0	4	false
7	98	225	310	5.11	4.64	0	4	false
7	99	230	323	6.09	2.24	0	4	false
8	0	481	471	9.86	5.07	0	0	true
8	1	470	447	11	-0.18	0	0	false
8	2	436	416	10.67	3.36	0	0	false
8	3	446	442	9.62	2.41	0	0	false
8	4	455	462	11.27	-0.54	0	0	false
8	5	444	438	10.42	3.05	0	0	false
8	6	487	462	10.2	1.6	0	0	false
8	7	449	482	8.65	8.59	0	0	false
8	8	459	459	9.68	0.11	0	0	false
8	9	413	458	8.85	2.59	0	0	false
8	10	479	465	9.48	-0.38	0	0	false
8	11	464	472	9.41	3.61	0	0	false
8	12	462	433	11.28	2.36	0	0	false
8	13	433	446	9.79	3.3	0	0	false
8	14	481	450	10.51	-0.86	0	0	false
8	15	440	458	10.98	1.82	0	0	false
8	16	437	456	10.74	-0.98	0	0	false
8	17	461	442	8.39	1.75	0	0	false
8	18	448	487	10.51	6.92	0	0	false
8	19	485	470	9.17	1.63	0	0	false
8	20	62	336	7.25	6.05	0	1	true
8	21	25	355	7.48	8.59	0	1	false
8	22	29	375	7.8	5.62	0	1	false
8	23	3	322	6.96	-1.12	0	1	false
8	24	10	362	7.22	4.91	0	1	false
8	25	9	364	7.81	3.94	0	1	false
8	26	6	353	7.89	3.67	0	1	false
8	27	5	343	7.52	4.59	0	1	false
8	28	11	370	7.62	6.74	0	1	false
8	29	16	332	6.34	-2.59	0	1	false
8	30	6	362	6.48	7.46	0	1	false
8	31	17	340	7.91	6.28	0	1	false
8	32	8	343	6.31	4.03	0	1	false
8	33	22	377	6.26	5.53	0	1	false
8	34	14	361	7.12	7.61	0	1	false
8	35	7	335	6.76	2.28	0	1	false
8	36	12	354	7.55	6.96	0	1	false
8	37	19	375	6.5	3.23	0	1	false
8	38	24	358	8.27	6.96	0	1	false
8	39	15	339	6.23	4.27	0	1	false
8	40	467	138	8.49	2.28	0	2	true
8	41	476	86	8.58	-1.01	0	2	false
8	42	496	72	7.47	4.32	0	2	false
8	43	483	73	9.37	-0.7	0	2	false
8	44	491	91	8.87	-0.05	0	2	false
8	45	473	88	9.07	3.39	0	2	false
8	46	490	105	7.59	-0.39	0	2	false
8	47	482	94	8.47	1.86	0	2	false
8	48	477	88	8.26	1.39	0	2	false
8	49	437	97	8.95	1.45	0	2	false
8	50	494	107	7.45	1.07	0	2	false
8	51	478	117	8.24	3.7	0	2	false
8	52	491	87	7.61	2.01	0	2	false
8	53	485	71	8.37	2.51	0	2	false
8	54	482	115	7.78	1.58	0	2	false
8	55	485	104	7.24	4	0	2	false
8	56	485	95	8.96	0.49	0	2	false
8	57	475	88	8.02	0.35	0	2	false
8	58	484	79	9.16	1.39	0	2	false
8	59	489	98	8.57	1.71	0	2	false
8	60	258	480	9.92	0.89	0	3	true
8	61	244	442	11.02	3.42	0	3	false
8	62	207	405	10.02	1.54	0	3	false
8	63	210	418	11.35	2.52	0	3	false
8	64	203	451	9.56	2.44	0	3	false
8	65	232	444	9.59	-1.51	0	3	false
8	66	226	459	8.92	2.36	0	3	false
8	67	214	429	10.44	0.27	0	3	false
8	68	206	425	11.15	-1.97	0	3	false
8	69	228	414	9.75	-0.95	0	3	false
8	70	199	411	11.37	2.48	0	3	false
8	71	185	423	9.11	-0.16	0	3	false
8	72	234	431	10.12	2.36	0	3	false
8	73	201	444	8.78	1.18	0	3	false
8	74	198	430	9.03	3.2	0	3	false
8	75	198	450	10.75	0.82	0	3	false
8	76	219	412	10.83	0.24	0	3	false
8	77	191	426	8.44	2.35	0	3	false
8	78	219	393	11.41	3.93	0	3	false
8	79	208	414	9.8	-1.55	0	3	false
8	80	236	272	5.75	5.04	0	4	true
8	81	248	299	5.71	1.86	0	4	false
8	82	238	319	6.42	3.69	0	4	false
8	83	219	317	6.11	2.27	0	4	false
8	84	217	297	5.73	7.8	0	4	false
8	85	228	317	6.58	2.84	0	4	false
8	86	229	306	5.22	5.94	0	4	false
8	87	227	319	6.46	6.05	0	4	false
8	88	227	315	5.21	3.07	0	4	false
8	89	240	325	6.03	5.4	0	4	false
8	90	200	298	5.96	3.3	0	4	false
8	91	216	322	6.51	7.15	0	4	false
8	92	230	312	4.89	4.6	0	4	false
8	93	224	327	5.95	3.93	0	4	false
8	94	231	315	5.42	5.74	0	4	false
8	95	218	299	5.96	3.08	0	4	false
8	96	209	318	5.57	6.2	0	4	false
8	97	219	309	6.45	7.23	0	4	false
8	98	224	305	5.22	5.3	0	4	false
8	99	227	328	6.33	7.17	0	4	false
9	0	484	462	9.86	5.07	0	0	true
9	1	481	445	9.93	2.62	0	0	false
9	2	426	414	8.71	0.3	0	0	false
9	3	439	448	9.29	1.17	0	0	false
9	4	465	456	10.94	0.1	0	0	false
9	5	433	439	9.52	1.16	0	0	false
9	6	487	472	9.27	1.88	0	0	false
9	7	443	488	10.7	8.12	0	0	false
9	8	469	460	8.98	2.81	0	0	false
9	9	406	463	10.48	8.99	0	0	false
9	10	488	461	10.36	2.26	0	0	false
9	11	455	468	10.53	5.57	0	0	false
9	12	454	441	10.12	-1.85	0	0	false
9	13	423	444	9.49	-0.27	0	0	false
9	14	487	442	9.01	4.42	0	0	false
9	15	437	469	11.13	5.25	0	0	false
9	16	443	447	9.2	-1.71	0	0	false
9	17	460	450	10.92	-0.15	0	0	false
9	18	457	493	10.12	6.11	0	0	false
9	19	484	480	10.75	6.78	0	0	false
9	20	69	334	7.25	6.05	0	1	true
9	21	20	360	8.14	7.7	0	1	false
9	22	35	371	8.14	7.54	0	1	false
9	23	6	315	7.95	-0.61	0	1	false
9	24	12	355	7.64	6.29	0	1	false
9	25	4	359	6.59	6.46	0	1	false
9	26	0	349	7.04	8.52	0	1	false
9	27	4	335	7.95	5.19	0	1	false
9	28	18	373	7.45	3.72	0	1	false
9	29	11	329	7.17	-2.49	0	1	false
9	30	9	368	7.7	5.05	0	1	false
9	31	25	340	7.47	7.2	0	1	false
9	32	4	339	6.93	3.81	0	1	false
9	33	27	373	7.65	4.07	0	1	false
9	34	15	368	6.75	4.41	0	1	false
9	35	3	340	6.32	8.31	0	1	false
9	36	18	359	6.63	7.17	0	1	false
9	37	12	374	7.78	7.85	0	1	false
9	38	31	364	7.59	5.89	0	1	false
9	39	13	333	7.04	-0.42	0	1	false
9	40	462	144	8.49	2.28	0	2	true
9	41	480	79	9.39	3.79	0	2	false
9	42	493	65	8.44	4.4	0	2	false
9	43	490	67	9.49	1.31	0	2	false
9	44	499	90	9.24	0.87	0	2	false
9	45	464	86	7.3	1.88	0	2	false
9	46	497	102	8.13	1.5	0	2	false
9	47	480	103	8.71	0.37	0	2	false
9	48	478	96	9.39	2.77	0	2	false
9	49	438	106	7.59	0.3	0	2	false
9	50	498	114	9.19	3.55	0	2	false
9	51	471	112	8.73	0.42	0	2	false
9	52	488	93	8.16	1.96	0	2	false
9	53	478	76	7.52	3.3	0	2	false
9	54	482	123	7.56	0.63	0	2	false
9	55	480	99	7.26	4.04	0	2	false
9	56	493	100	9.11	0.1	0	2	false
9	57	483	91	8.23	3.09	0	2	false
9	58	486	88	8.07	0.02	0	2	false
9	59	488	106	7.92	4.89	0	2	false
9	60	265	488	9.92	0.89	0	3	true
9	61	233	439	10	-1.22	0	3	false
9	62	208	415	8.45	0.09	0	3	false
9	63	201	424	9.77	-0.64	0	3	false
9	64	195	457	10.39	-0.56	0	3	false
9	65	233	435	10.96	3.56	0	3	false
9	66	220	465	10.14	1.76	0	3	false
9	67	224	431	10.3	0.57	0	3	false
9	68	202	415	11.29	1.23	0	3	false
9	69	234	406	10.05	2.66	0	3	false
9	70	190	418	9.86	-1.32	0	3	false
9	71	194	422	10.24	2.17	0	3	false
9	72	227	438	8.62	1.26	0	3	false
9	73	204	452	9	-2.25	0	3	false
9	74	189	430	10.7	1.96	0	3	false
9	75	206	458	10.45	3.29	0	3	false
9	76	229	415	11.26	3	0	3	false
9	77	185	432	9.67	0.08	0	3	false
9	78	211	385	9.3	0.59	0	3	false
9	79	208	404	9.05	1.05	0	3	false
9	80	238	266	5.75	5.04	0	4	true
9	81	246	304	5.87	6.67	0	4	false
9	82	233	316	6.3	6.06	0	4	false
9	83	215	322	5.93	5.75	0	4	false
9	84	217	302	5.02	8.04	0	4	false
9	85	222	319	6.14	4.83	0	4	false
9	86	234	304	6.54	3.5	0	4	false
9	87	233	318	5.94	5.71	0	4	false
9	88	222	316	5.18	2.75	0	4	false
9	89	244	320	5.93	7.25	0	4	false
9	90	194	297	5.54	5.06	0	4	false
9	91	220	327	6.58	7.24	0	4	false
9	92	230	308	5.52	7.63	0	4	false
9	93	220	323	5.61	2.29	0	4	false
9	94	235	312	6.36	2.94	0	4	false
9	95	212	300	5.39	3.14	0	4	false
9	96	214	317	5.94	3.39	0	4	false
9	97	223	314	5.26	5.65	0	4	false
9	98	227	301	6.17	2.94	0	4	false
9	99	231	333	6.36	3.03	0	4	false
10	0	488	453	9.86	5.07	0	0	true
10	1	472	450	9.92	2.84	0	0	false
10	2	434	416	9.57	1.24	0	0	false
10	3	443	457	8.68	4.95	0	0	false
10	4	476	457	10.45	6.81	0	0	false
10	5	437	448	8.64	0.67	0	0	false
10	6	484	481	10.34	5.43	0	0	false
10	7	441	498	10	8.15	0	0	false
10	8	460	463	9.77	3.52	0	0	false
10	9	396	467	10.4	8.29	0	0	false
10	10	482	469	10.22	6.18	0	0	false
10	11	463	461	8.66	4.25	0	0	false
10	12	451	431	11.03	-0.3	0	0	false
10	13	432	442	9.25	2.87	0	0	false
10	14	485	433	8.47	0.9	0	0	false
10	15	443	459	9.07	8.69	0	0	false
10	16	441	438	9.26	1.21	0	0	false
10	17	470	448	10.41	1.36	0	0	false
10	18	466	491	8.55	7.11	0	0	false
10	19	494	485	9.48	1.72	0	0	false
10	20	76	332	7.25	6.05	0	1	true
10	21	21	368	7.76	7.42	0	1	false
10	22	38	378	6.77	3.49	0	1	false
10	23	12	311	7.72	-0.36	0	1	false
10	24	19	355	6.47	6.56	0	1	false
10	25	10	360	8.27	5.71	0	1	false
10	26	3	355	8.12	6.8	0	1	false
10	27	8	328	8.24	2.02	0	1	false
10	28	12	369	6.59	7.53	0	1	false
10	29	5	325	7.04	-2.6	0	1	false
10	30	11	361	7.96	6.26	0	1	false
10	31	30	346	7.29	3.81	0	1	false
10	32	0	334	7.79	7.29	0	1	false
10	33	22	367	6.69	3.11	0	1	false
10	34	13	362	6.42	7.32	0	1	false
10	35	0	346	6.4	7.5	0	1	false
10	36	22	364	8.17	5.04	0	1	false
10	37	12	382	8.05	4.39	0	1	false
10	38	38	361	7.47	6.91	0	1	false
10	39	19	330	7.17	0.48	0	1	false
10	40	456	151	8.49	2.28	0	2	true
10	41	473	73	8.38	1.7	0	2	false
10	42	491	57	8.92	2.3	0	2	false
10	43	493	76	8.36	1.33	0	2	false
10	44	494	97	8.1	1.16	0	2	false
10	45	462	93	9.38	1.22	0	2	false
10	46	497	110	8.28	4.94	0	2	false
10	47	488	106	9.62	4.07	0	2	false
10	48	469	100	8.28	0.9	0	2	false
10	49	445	108	8.6	3.17	0	2	false
10	50	489	110	8.41	1.73	0	2	false
10	51	479	116	7.44	0.1	0	2	false
10	52	485	101	8.21	4.22	0	2	false
10	53	471	75	7.58	3.48	0	2	false
10	54	488	127	9.64	3.35	0	2	false
10	55	476	93	9.7	2.07	0	2	false
10	56	497	100	8.23	2.3	0	2	false
10	57	474	91	7.6	-0.51	0	2	false
10	58	494	88	7.63	4.09	0	2	false
10	59	489	98	8.16	-0.27	0	2	false
10	60	271	495	9.92	0.89	0	3	true
10	61	237	429	9.08	-0.87	0	3	false
10	62	216	416	11.26	1.21	0	3	false
10	63	209	418	11.35	2.61	0	3	false
10	64	204	452	10.02	2.5	0	3	false
10	65	223	430	9.31	0.32	0	3	false
10	66	218	475	10.87	-1.77	0	3	false
10	67	233	437	9.48	1.22	0	3	false
10	68	206	426	10.6	3.14	0	3	false
10	69	225	411	9.98	-1.69	0	3	false
10	70	192	408	8.47	0.13	0	3	false
10	71	188	430	10.66	1.75	0	3	false
10	72	230	447	9.67	-0.93	0	3	false
10	73	198	445	10.08	2.36	0	3	false
10	74	185	440	10.78	0.2	0	3	false
10	75	195	457	11.02	2.45	0	3	false
10	76	218	416	10.49	3.68	0	3	false
10	77	195	433	9.82	-2.14	0	3	false
10	78	218	390	9.84	1.21	0	3	false
10	79	212	412	10.1	-0.13	0	3	false
10	80	240	261	5.75	5.04	0	4	true
10	81	252	306	5.6	3.48	0	4	false
10	82	239	315	6.4	3.17	0	4	false
10	83	220	319	4.97	4.89	0	4	false
10	84	216	307	5.78	3	0	4	false
10	85	223	313	5.53	3.69	0	4	false
10	86	227	302	5.83	5.4	0	4	false
10	87	238	315	5.31	4.72	0	4	false
10	88	217	318	5.2	2.61	0	4	false
10	89	247	325	5.72	4.45	0	4	false
10	90	196	292	5.67	8.02	0	4	false
10	91	224	332	6.16	2.45	0	4	false
10	92	231	313	6.14	5.59	0	4	false
10	93	217	327	5.26	5.82	0	4	false
10	94	229	314	5.69	3.11	0	4	false
10	95	206	300	5.16	6.05	0	4	false
10	96	208	316	6.44	3.17	0	4	false
10	97	227	311	4.96	5.84	0	4	false
10	98	221	302	6.12	4.63	0	4	false
10	99	224	334	6.35	3.65	0	4	false
