models=Pursue	selected=Random Walk	walkingtime=20	selected=random initializer	scale=1.0	params=0.0,1.0,	bias=0.0	distribution=jsc.distributions.Uniform	scale=1.0	params=0.0,1.0,	bias=0.0	distribution=jsc.distributions.Uniform	maxpausetime=10	minspeed=5	selected=squarereflect	height=500	width=500	maxspeed=10	selected=NullPowerAlgorithm	locationinitializer=Null	adr=0.45	maps=squarereflect	height=500	width=500	leadersmodeloffset=0.0,0.0,	sdr=0.15	pergrouprange=false	extratraces=true	groupsizes=20,20,20,20,20,	rangealgorithms=NullPowerAlgorithm	maxinitialdistance=0	filenamegenerator=simple	seed=outputtrace	numberiterate=true	defaultfilter=edu.sharif.ce.dml.common.data.trace.filter.DirectoryFilter	isinput=false	fileaddress=output	multiple=false	tracewriter=text	nodenumber=100	maxsimulationtime=1000
Time	Node	PositionX	PositionY	Speed	Direction Angle	Range	GroupNumber	Is Leader
1	0	73	489	6.48	0.73	0	0	true
1	1	67	479	7.09	2.83	0	0	false
1	2	75	485	7.23	2.59	0	0	false
1	3	73	481	5.97	3.34	0	0	false
1	4	69	479	6.18	3.56	0	0	false
1	5	67	491	5.78	6.06	0	0	false
1	6	75	484	6.44	-0.38	0	0	false
1	7	67	492	7.11	4.52	0	0	false
1	8	69	478	7.11	0.76	0	0	false
1	9	64	490	6.04	5.19	0	0	false
1	10	68	478	6.85	0.59	0	0	false
1	11	69	478	6.94	2.97	0	0	false
1	12	62	487	6.39	2.46	0	0	false
1	13	75	485	6.88	4.86	0	0	false
1	14	66	492	7.21	4.63	0	0	false
1	15	72	481	6.34	-0.09	0	0	false
1	16	71	479	6.2	-1.41	0	0	false
1	17	72	480	6.51	1.14	0	0	false
1	18	74	482	5.77	-0.63	0	0	false
1	19	67	492	6.56	7.08	0	0	false
1	20	294	8	6.1	5.4	0	1	true
1	21	287	18	6.93	5.31	0	1	false
1	22	285	11	6.09	5.18	0	1	false
1	23	284	11	6.45	8.67	0	1	false
1	24	295	10	6.71	6.13	0	1	false
1	25	295	16	6.55	2.46	0	1	false
1	26	284	10	6.86	7.75	0	1	false
1	27	287	18	6.52	2.66	0	1	false
1	28	293	19	6.78	7.49	0	1	false
1	29	288	7	6.35	-1.49	0	1	false
1	30	290	20	6.58	3.37	0	1	false
1	31	290	18	5.7	4.24	0	1	false
1	32	296	13	5.75	6.12	0	1	false
1	33	294	8	5.69	8.67	0	1	false
1	34	297	11	6.42	6.52	0	1	false
1	35	293	7	6.53	1.98	0	1	false
1	36	294	18	5.81	7.44	0	1	false
1	37	289	7	6.08	-1.11	0	1	false
1	38	288	18	5.59	2.63	0	1	false
1	39	297	13	6.03	1.98	0	1	false
1	40	448	18	5.39	2.52	0	2	true
1	41	449	20	5.63	3.9	0	2	false
1	42	449	20	5.82	5.69	0	2	false
1	43	456	19	5.75	0.83	0	2	false
1	44	456	19	4.96	4.09	0	2	false
1	45	457	12	4.92	0.62	0	2	false
1	46	448	14	6.13	-0.56	0	2	false
1	47	456	20	6.11	5.97	0	2	false
1	48	458	16	6.15	5.7	0	2	false
1	49	459	15	4.89	0.49	0	2	false
1	50	453	9	5.91	1.77	0	2	false
1	51	452	10	5.68	-0.64	0	2	false
1	52	458	17	5.76	1.26	0	2	false
1	53	448	13	4.8	1.82	0	2	false
1	54	457	12	6.14	4.26	0	2	false
1	55	450	12	5.82	0.37	0	2	false
1	56	455	20	4.83	3.05	0	2	false
1	57	449	12	5.9	1.58	0	2	false
1	58	454	21	5.6	5.16	0	2	false
1	59	448	13	5.21	1.15	0	2	false
1	60	141	406	8.27	3.19	0	3	true
1	61	147	397	7.32	2.07	0	3	false
1	62	151	414	8.52	1.36	0	3	false
1	63	151	415	7.07	6.57	0	3	false
1	64	146	415	8.62	4.15	0	3	false
1	65	150	399	7.74	3.54	0	3	false
1	66	156	411	8.19	3.08	0	3	false
1	67	146	400	8.3	3.31	0	3	false
1	68	144	413	8.05	2.35	0	3	false
1	69	143	412	8.46	3.29	0	3	false
1	70	148	415	7.8	6.58	0	3	false
1	71	146	398	7.59	4.55	0	3	false
1	72	144	411	9.41	3.59	0	3	false
1	73	147	398	8.77	2.08	0	3	false
1	74	154	413	7.38	1.23	0	3	false
1	75	144	400	9.04	3.75	0	3	false
1	76	157	400	9.3	4.38	0	3	false
1	77	148	413	8.13	6.3	0	3	false
1	78	146	412	7.68	6.12	0	3	false
1	79	145	414	7.85	6.21	0	3	false
1	80	497	209	7.66	1.31	0	4	true
1	81	492	194	8.63	3.86	0	4	false
1	82	493	209	6.94	3.9	0	4	false
1	83	498	207	8.54	2.41	0	4	false
1	84	499	208	8.77	0.96	0	4	false
1	85	498	203	8.48	4.13	0	4	false
1	86	499	195	7.58	0.5	0	4	false
1	87	497	203	8.07	0.96	0	4	false
1	88	497	205	8.27	1.46	0	4	false
1	89	498	196	7.57	3.41	0	4	false
1	90	489	208	7.19	1.1	0	4	false
1	91	488	204	7.86	2.49	0	4	false
1	92	493	208	7.49	-0.16	0	4	false
1	93	495	194	8.67	2.79	0	4	false
1	94	497	202	8.45	-1.2	0	4	false
1	95	499	196	8.46	3.99	0	4	false
1	96	495	194	6.93	1.71	0	4	false
1	97	497	197	8.08	2.68	0	4	false
1	98	489	205	8.57	-1.82	0	4	false
1	99	496	209	6.59	8.91	0	4	false
2	0	78	494	6.48	0.73	0	0	true
2	1	60	481	6.97	-2.11	0	0	false
2	2	69	489	6.72	2.91	0	0	false
2	3	68	480	6.13	0.53	0	0	false
2	4	64	476	5.69	0.2	0	0	false
2	5	73	489	5.58	0.28	0	0	false
2	6	81	482	6.04	2.39	0	0	false
2	7	65	485	5.51	-0.92	0	0	false
2	8	74	483	5.66	3.37	0	0	false
2	9	66	485	5.65	3.15	0	0	false
2	10	74	482	5.63	-1.36	0	0	false
2	11	63	479	6.66	0.75	0	0	false
2	12	57	491	7.29	0.02	0	0	false
2	13	76	479	7.19	-1.08	0	0	false
2	14	65	484	6.46	-1.74	0	0	false
2	15	79	480	6.67	1.46	0	0	false
2	16	72	473	7	-1.39	0	0	false
2	17	75	486	6.49	0.76	0	0	false
2	18	78	478	5.91	4.36	0	0	false
2	19	71	496	7.29	4.71	0	0	false
2	20	298	3	6.1	5.4	0	1	true
2	21	291	12	6.9	5.73	0	1	false
2	22	288	5	6.43	6.4	0	1	false
2	23	279	15	6.54	5.55	0	1	false
2	24	301	9	6.16	5.31	0	1	false
2	25	290	20	5.91	4.08	0	1	false
2	26	285	17	6.14	6.24	0	1	false
2	27	281	21	5.79	7.19	0	1	false
2	28	295	25	6.63	6.71	0	1	false
2	29	288	1	6.77	1.38	0	1	false
2	30	283	18	6.76	7.97	0	1	false
2	31	287	13	5.71	7.86	0	1	false
2	32	301	12	5.56	3.55	0	1	false
2	33	289	12	6.95	5.19	0	1	false
2	34	303	12	6.66	7.04	0	1	false
2	35	290	13	6.23	4.86	0	1	false
2	36	296	23	6.53	7.52	0	1	false
2	37	291	2	6.4	-1.5	0	1	false
2	38	283	21	5.96	6.35	0	1	false
2	39	294	19	6.25	7.03	0	1	false
2	40	444	22	5.39	2.52	0	2	true
2	41	445	17	5.44	1.45	0	2	false
2	42	454	16	5.31	4.66	0	2	false
2	43	460	23	5.45	4.29	0	2	false
2	44	454	15	5.34	1.75	0	2	false
2	45	461	15	4.81	4.83	0	2	false
2	46	453	11	5.2	1.33	0	2	false
2	47	462	18	5.95	3.71	0	2	false
2	48	463	13	5.86	4.28	0	2	false
2	49	463	17	5.26	5.16	0	2	false
2	50	452	15	4.95	1.6	0	2	false
2	51	456	6	6.14	-0.09	0	2	false
2	52	459	23	5.13	0.55	0	2	false
2	53	447	17	5	2.01	0	2	false
2	54	454	7	6.11	3.06	0	2	false
2	55	455	14	5.69	4.22	0	2	false
2	56	450	20	4.62	4.3	0	2	false
2	57	449	18	5.14	0.16	0	2	false
2	58	457	16	6	4.4	0	2	false
2	59	450	18	6.12	1.86	0	2	false
2	60	133	405	8.27	3.19	0	3	true
2	61	144	404	7.76	2.57	0	3	false
2	62	153	422	9.07	6.56	0	3	false
2	63	157	417	9.18	5.55	0	3	false
2	64	141	407	7.06	4.42	0	3	false
2	65	143	396	8.99	0.07	0	3	false
2	66	148	412	7.05	2.7	0	3	false
2	67	137	399	9.21	2.34	0	3	false
2	68	138	419	7.74	5.26	0	3	false
2	69	135	410	9.12	5.61	0	3	false
2	70	155	417	8.78	2.81	0	3	false
2	71	145	391	7.4	0.04	0	3	false
2	72	136	407	9.07	3.8	0	3	false
2	73	143	406	7.24	1.61	0	3	false
2	74	156	420	7.84	4.71	0	3	false
2	75	137	395	8.62	0.17	0	3	false
2	76	154	391	8.7	3.67	0	3	false
2	77	156	413	7.91	2.26	0	3	false
2	78	153	411	8	2.02	0	3	false
2	79	153	414	9.12	4.08	0	3	false
2	80	499	216	7.66	1.31	0	4	true
2	81	486	189	7.01	1.03	0	4	false
2	82	488	205	7.35	3.16	0	4	false
2	83	491	213	6.81	0.82	0	4	false
2	84	495	215	7.56	-1.08	0	4	false
2	85	493	196	6.87	-1.43	0	4	false
2	86	494	199	8.05	1.24	0	4	false
2	87	498	210	7.51	0.03	0	4	false
2	88	498	213	6.75	-0.13	0	4	false
2	89	491	194	8.37	0.55	0	4	false
2	90	492	214	6.54	-0.38	0	4	false
2	91	481	208	7.84	1.66	0	4	false
2	92	499	207	6.93	3.48	0	4	false
2	93	487	197	8.73	0.42	0	4	false
2	94	499	194	8.19	2.82	0	4	false
2	95	494	189	7.61	2.05	0	4	false
2	96	494	201	8.09	0.95	0	4	false
2	97	490	201	8.57	1.23	0	4	false
2	98	487	197	6.73	3.58	0	4	false
2	99	490	212	8.62	-1.09	0	4	false
3	0	83	498	6.48	0.73	0	0	true
3	1	57	475	5.72	2.63	0	0	false
3	2	62	490	6.15	1.85	0	0	false
3	3	73	483	7.15	-0.76	0	0	false
3	4	69	477	7.43	0.34	0	0	false
3	5	78	491	6.53	2.21	0	0	false
3	6	76	486	5.97	1.53	0	0	false
3	7	68	480	6.98	1.31	0	0	false
3	8	69	482	6.98	1.14	0	0	false
3	9	61	485	6.55	-0.61	0	0	false
3	10	75	477	6.9	-0.31	0	0	false
3	11	68	484	6.76	-1.63	0	0	false
3	12	64	491	7.33	1.61	0	0	false
3	13	80	472	7.4	3.82	0	0	false
3	14	64	478	5.71	1.23	0	0	false
3	15	79	487	5.97	4.04	0	0	false
3	16	73	466	5.85	0.31	0	0	false
3	17	79	491	5.9	2.15	0	0	false
3	18	76	473	5.66	3.34	0	0	false
3	19	71	489	5.79	3.35	0	0	false
3	20	302	0	6.1	0.88	0	1	true
3	21	297	9	6.35	6.61	0	1	false
3	22	295	6	5.46	3.28	0	1	false
3	23	284	11	6.78	6.36	0	1	false
3	24	305	4	6.93	2.86	0	1	false
3	25	286	15	6.87	5.56	0	1	false
3	26	291	16	6.46	3.42	0	1	false
3	27	285	26	6.21	2.69	0	1	false
3	28	302	28	5.99	6.21	0	1	false
3	29	290	7	5.28	2.98	0	1	false
3	30	282	25	5.79	5.68	0	1	false
3	31	287	19	6.57	3.46	0	1	false
3	32	296	9	6.43	3.58	0	1	false
3	33	293	6	6.62	4.39	0	1	false
3	34	308	17	5.52	1.86	0	1	false
3	35	291	7	6.71	8.37	0	1	false
3	36	298	29	6.36	5.42	0	1	false
3	37	292	4	5.86	6.73	0	1	false
3	38	289	21	6.44	5.88	0	1	false
3	39	299	23	6.69	4.39	0	1	false
3	40	440	25	5.39	2.52	0	2	true
3	41	446	22	5.89	3.18	0	2	false
3	42	454	11	4.8	2.76	0	2	false
3	43	457	18	4.85	1.56	0	2	false
3	44	453	20	5.27	5.27	0	2	false
3	45	462	10	5.68	0.51	0	2	false
3	46	455	16	4.65	1.96	0	2	false
3	47	457	15	4.75	3.46	0	2	false
3	48	461	8	6.17	1.98	0	2	false
3	49	465	12	5.66	1.35	0	2	false
3	50	452	20	5.67	2.62	0	2	false
3	51	462	6	5.61	0.86	0	2	false
3	52	464	25	4.96	2.34	0	2	false
3	53	444	22	5.88	4.86	0	2	false
3	54	448	7	5.97	0.22	0	2	false
3	55	452	9	6.01	2.18	0	2	false
3	56	448	16	5.52	0.86	0	2	false
3	57	454	19	5.2	3.98	0	2	false
3	58	455	11	4.79	0.67	0	2	false
3	59	448	24	4.94	3.87	0	2	false
3	60	125	405	8.27	3.19	0	3	true
3	61	137	408	7.77	5.8	0	3	false
3	62	162	425	7.53	1.38	0	3	false
3	63	164	411	8.46	4.6	0	3	false
3	64	139	401	7.75	1.74	0	3	false
3	65	152	397	9.39	3.01	0	3	false
3	66	142	415	7.72	4.86	0	3	false
3	67	131	405	8.78	4.53	0	3	false
3	68	142	412	7.43	3.92	0	3	false
3	69	142	405	9.28	4.63	0	3	false
3	70	147	420	8.38	4.15	0	3	false
3	71	152	391	7.93	2.52	0	3	false
3	72	129	402	8.1	2.98	0	3	false
3	73	143	413	8.6	3.51	0	3	false
3	74	156	412	8.93	1.13	0	3	false
3	75	145	397	9.3	2.21	0	3	false
3	76	146	387	7.21	1.34	0	3	false
3	77	151	419	7.6	0.92	0	3	false
3	78	150	418	9.27	3.76	0	3	false
3	79	147	406	7.31	2.02	0	3	false
3	80	498	223	7.66	1.84	0	4	true
3	81	489	195	6.62	1.21	0	4	false
3	82	481	205	6.79	2.39	0	4	false
3	83	496	218	6.69	2.11	0	4	false
3	84	499	209	8.03	3.18	0	4	false
3	85	494	189	7.89	0.61	0	4	false
3	86	496	206	7.91	0.84	0	4	false
3	87	494	210	6.79	3.36	0	4	false
3	88	494	213	7.49	1.41	0	4	false
3	89	498	198	8.2	0.52	0	4	false
3	90	498	212	7.32	1.36	0	4	false
3	91	481	216	8.25	0.03	0	4	false
3	92	492	205	8.11	2.2	0	4	false
3	93	495	200	6.61	0.39	0	4	false
3	94	492	196	6.72	3.88	0	4	false
3	95	490	196	8.36	-0.38	0	4	false
3	96	498	207	7.68	-1.1	0	4	false
3	97	493	209	7.14	0.08	0	4	false
3	98	481	194	7.48	2.12	0	4	false
3	99	494	204	8.71	2.58	0	4	false
4	0	87	497	6.48	5.55	0	0	true
4	1	52	478	7.4	3.09	0	0	false
4	2	61	496	6.3	1.01	0	0	false
4	3	78	478	6.98	2.86	0	0	false
4	4	76	480	7.1	1.27	0	0	false
4	5	74	496	6.18	1.61	0	0	false
4	6	77	492	5.9	2.76	0	0	false
4	7	70	487	5.95	-2.26	0	0	false
4	8	72	488	7.37	1.59	0	0	false
4	9	66	481	5.52	-0.46	0	0	false
4	10	82	474	6.24	3.1	0	0	false
4	11	67	477	6.02	2.51	0	0	false
4	12	64	498	5.91	6.06	0	0	false
4	13	74	468	6.54	1.03	0	0	false
4	14	66	483	6.81	-0.62	0	0	false
4	15	76	482	6.45	0.25	0	0	false
4	16	79	467	7.34	2.68	0	0	false
4	17	76	496	7.04	-0.97	0	0	false
4	18	71	472	6.91	3.13	0	0	false
4	19	66	488	5.91	2.96	0	0	false
4	20	306	5	6.1	0.88	0	1	true
4	21	303	11	6.22	7.56	0	1	false
4	22	289	5	6.89	4.88	0	1	false
4	23	291	11	5.99	4.94	0	1	false
4	24	298	6	6.46	4.88	0	1	false
4	25	291	11	6.53	3.9	0	1	false
4	26	285	15	5.85	5.67	0	1	false
4	27	279	29	5.34	7.83	0	1	false
4	28	307	28	6.69	7.25	0	1	false
4	29	284	8	6.46	7.03	0	1	false
4	30	287	21	5.91	7.28	0	1	false
4	31	281	17	6.98	4.01	0	1	false
4	32	291	7	5.98	4.78	0	1	false
4	33	291	0	6.91	-1.04	0	1	false
4	34	306	22	6.77	6.97	0	1	false
4	35	288	13	6.21	6.11	0	1	false
4	36	302	24	5.36	4.22	0	1	false
4	37	297	6	6.11	5.25	0	1	false
4	38	295	19	6.12	3.08	0	1	false
4	39	297	17	6.4	5.41	0	1	false
4	40	435	28	5.39	2.52	0	2	true
4	41	440	22	4.86	-0.12	0	2	false
4	42	449	13	6.17	4.61	0	2	false
4	43	458	23	5.47	5.66	0	2	false
4	44	455	16	5.28	4.23	0	2	false
4	45	467	13	5.8	4.48	0	2	false
4	46	453	20	5.56	1.15	0	2	false
4	47	453	14	4.75	4.9	0	2	false
4	48	458	13	4.64	0.99	0	2	false
4	49	466	18	4.75	5.52	0	2	false
4	50	447	23	5.35	0.64	0	2	false
4	51	466	10	4.68	1.09	0	2	false
4	52	460	29	5.94	4.97	0	2	false
4	53	445	16	5.85	1.97	0	2	false
4	54	454	8	5.78	2.35	0	2	false
4	55	449	14	4.61	3.89	0	2	false
4	56	452	20	5.27	5.25	0	2	false
4	57	450	15	4.97	5.18	0	2	false
4	58	458	14	5.83	0.15	0	2	false
4	59	445	21	4.75	4.87	0	2	false
4	60	117	405	8.27	3.19	0	3	true
4	61	144	404	9.46	0.51	0	3	false
4	62	163	432	8.18	2.35	0	3	false
4	63	163	403	7.66	3.27	0	3	false
4	64	138	408	7.71	2.79	0	3	false
4	65	143	398	8.74	5.48	0	3	false
4	66	143	407	7.25	4.2	0	3	false
4	67	129	397	9.1	5.13	0	3	false
4	68	137	407	8.26	2.62	0	3	false
4	69	141	395	9.13	5.44	0	3	false
4	70	142	413	8.19	2.88	0	3	false
4	71	146	396	8.87	5.55	0	3	false
4	72	121	403	9.14	2.6	0	3	false
4	73	135	410	9.44	1.12	0	3	false
4	74	160	420	7.97	2.02	0	3	false
4	75	140	404	7.84	4.47	0	3	false
4	76	148	394	7.05	3.04	0	3	false
4	77	156	425	8.05	6.37	0	3	false
4	78	142	413	8.06	1.81	0	3	false
4	79	144	413	7.37	5.12	0	3	false
4	80	496	231	7.66	1.84	0	4	true
4	81	491	201	7.18	-1.14	0	4	false
4	82	476	209	7.05	-0.92	0	4	false
4	83	492	224	7.66	3.22	0	4	false
4	84	491	208	6.7	0.81	0	4	false
4	85	498	194	8	-1.01	0	4	false
4	86	497	212	6.83	2.76	0	4	false
4	87	487	209	8.11	2.23	0	4	false
4	88	495	220	6.55	0.55	0	4	false
4	89	494	202	7.46	2.63	0	4	false
4	90	499	219	7.21	2.02	0	4	false
4	91	489	216	7.32	-0.87	0	4	false
4	92	487	211	8.01	0.96	0	4	false
4	93	498	203	6.99	0.55	0	4	false
4	94	487	192	7.42	1.21	0	4	false
4	95	498	193	8.18	0.1	0	4	false
4	96	497	200	7.17	1.98	0	4	false
4	97	499	210	8.37	1.87	0	4	false
4	98	477	201	8.02	1.75	0	4	false
4	99	487	209	8.72	0.81	0	4	false
5	0	92	493	6.48	5.55	0	0	true
5	1	44	478	6.89	2.4	0	0	false
5	2	64	497	6.5	4.5	0	0	false
5	3	71	480	6.64	0.5	0	0	false
5	4	79	486	6.08	2.55	0	0	false
5	5	74	497	6	4.03	0	0	false
5	6	71	494	6.79	4.02	0	0	false
5	7	67	483	7.4	-1.24	0	0	false
5	8	72	496	6.31	8.77	0	0	false
5	9	71	479	5.9	-0.41	0	0	false
5	10	76	475	7	-0.64	0	0	false
5	11	62	481	6.84	-1.69	0	0	false
5	12	70	497	6.75	7.69	0	0	false
5	13	77	473	7.14	-1.45	0	0	false
5	14	72	480	7.13	-1.24	0	0	false
5	15	82	484	5.99	-2.02	0	0	false
5	16	72	471	5.97	-0.75	0	0	false
5	17	80	490	5.79	-0.61	0	0	false
5	18	64	472	6.06	1.61	0	0	false
5	19	60	489	7.12	0.25	0	0	false
5	20	310	10	6.1	0.88	0	1	true
5	21	305	17	5.28	6.71	0	1	false
5	22	290	1	5.48	2.41	0	1	false
5	23	292	5	6.84	-1.49	0	1	false
5	24	299	0	6.53	3.31	0	1	false
5	25	287	6	6.86	2.5	0	1	false
5	26	290	11	5.79	8.23	0	1	false
5	27	279	34	6.52	4.67	0	1	false
5	28	311	33	6.36	6.94	0	1	false
5	29	289	13	5.62	4.59	0	1	false
5	30	290	26	5.59	2.92	0	1	false
5	31	277	11	5.6	3.81	0	1	false
5	32	291	1	6.8	2.43	0	1	false
5	33	294	5	5.68	0.74	0	1	false
5	34	311	27	5.4	3.64	0	1	false
5	35	294	12	5.2	4.34	0	1	false
5	36	300	20	7	4.1	0	1	false
5	37	300	1	5.95	3.43	0	1	false
5	38	289	19	6.24	7.96	0	1	false
5	39	301	12	6.95	7.11	0	1	false
5	40	431	31	5.39	2.52	0	2	true
5	41	445	21	6.07	2.31	0	2	false
5	42	449	7	6.2	1.29	0	2	false
5	43	462	20	4.66	4.35	0	2	false
5	44	453	11	5.02	-0.18	0	2	false
5	45	466	8	4.97	1.05	0	2	false
5	46	455	25	5.85	4.81	0	2	false
5	47	454	9	5.22	0.34	0	2	false
5	48	461	17	4.84	2.36	0	2	false
5	49	470	15	6.18	0.49	0	2	false
5	50	451	26	5.63	2.69	0	2	false
5	51	468	14	5.87	1.35	0	2	false
5	52	462	23	5.56	1.5	0	2	false
5	53	443	21	5.85	0.08	0	2	false
5	54	450	12	6.04	0.35	0	2	false
5	55	446	11	5.36	4.5	0	2	false
5	56	455	16	4.83	2.05	0	2	false
5	57	453	10	5.27	0.93	0	2	false
5	58	464	14	5.33	5.41	0	2	false
5	59	445	16	6.02	4.66	0	2	false
5	60	108	404	8.27	3.19	0	3	true
5	61	152	409	9.4	5.26	0	3	false
5	62	157	438	8.21	4.75	0	3	false
5	63	156	402	9.16	1.43	0	3	false
5	64	131	411	8.72	2.64	0	3	false
5	65	149	392	8.02	5.26	0	3	false
5	66	139	401	7.46	0.83	0	3	false
5	67	133	388	7.67	1.47	0	3	false
5	68	130	411	8.54	5.17	0	3	false
5	69	147	389	9.4	1.75	0	3	false
5	70	134	415	7.04	4.39	0	3	false
5	71	152	390	7.25	3.28	0	3	false
5	72	113	408	9.3	4.04	0	3	false
5	73	139	418	7.84	4.85	0	3	false
5	74	157	427	8.67	4.8	0	3	false
5	75	138	397	8	5.35	0	3	false
5	76	141	395	8.66	2	0	3	false
5	77	164	426	9.38	5.74	0	3	false
5	78	140	421	7.48	5.22	0	3	false
5	79	147	406	9.38	1.85	0	3	false
5	80	494	238	7.66	1.84	0	4	true
5	81	494	194	8.31	4.15	0	4	false
5	82	480	204	6.68	-0.67	0	4	false
5	83	485	223	6.76	1.93	0	4	false
5	84	496	213	8.72	4.06	0	4	false
5	85	496	187	8.7	-0.72	0	4	false
5	86	491	215	8.44	4.15	0	4	false
5	87	482	215	7.78	1.66	0	4	false
5	88	498	223	8.41	0.58	0	4	false
5	89	488	206	8.22	0.7	0	4	false
5	90	496	225	8.04	3.94	0	4	false
5	91	494	211	6.52	1.66	0	4	false
5	92	492	218	6.8	-0.72	0	4	false
5	93	495	207	8.7	4.13	0	4	false
5	94	489	199	7.54	2.49	0	4	false
5	95	493	194	6.85	1.18	0	4	false
5	96	494	207	8.78	-0.78	0	4	false
5	97	497	218	7.12	-0.67	0	4	false
5	98	475	208	7.74	-0.73	0	4	false
5	99	493	215	8.25	2.98	0	4	false
6	0	97	488	6.48	5.55	0	0	true
6	1	39	483	6.77	-0.33	0	0	false
6	2	63	491	5.89	7.96	0	0	false
6	3	77	483	7.3	0.11	0	0	false
6	4	74	490	6.41	7.47	0	0	false
6	5	70	492	6.44	8.82	0	0	false
6	6	67	489	6.78	8.46	0	0	false
6	7	69	476	6.59	-0.57	0	0	false
6	8	67	499	7.2	4.57	0	0	false
6	9	76	476	7.03	2.17	0	0	false
6	10	81	471	6.15	2.16	0	0	false
6	11	61	474	6.98	-0.33	0	0	false
6	12	71	495	7.1	5.14	0	0	false
6	13	78	466	7.38	-0.87	0	0	false
6	14	74	473	6.97	2.87	0	0	false
6	15	79	478	6.08	3.23	0	0	false
6	16	76	467	7.14	0.57	0	0	false
6	17	85	487	5.98	-1.69	0	0	false
6	18	64	478	7.16	2.7	0	0	false
6	19	67	491	6.4	7.27	0	0	false
6	20	314	14	6.1	0.88	0	1	true
6	21	309	19	6	4.17	0	1	false
6	22	286	4	5.57	-2.29	0	1	false
6	23	293	0	6.2	1.14	0	1	false
6	24	293	1	5.88	-1	0	1	false
6	25	281	10	5.84	1.77	0	1	false
6	26	288	17	6.66	3.7	0	1	false
6	27	279	28	6.82	4.85	0	1	false
6	28	316	37	6.21	6.04	0	1	false
6	29	288	7	5.69	-1.81	0	1	false
6	30	285	28	6.07	4.56	0	1	false
6	31	272	8	5.82	2.15	0	1	false
6	32	286	5	6.56	-0.82	0	1	false
6	33	298	9	6.41	-2.09	0	1	false
6	34	306	24	6.14	4.75	0	1	false
6	35	292	7	5.21	2.31	0	1	false
6	36	296	14	6.27	-2.71	0	1	false
6	37	295	0	5.44	3.41	0	1	false
6	38	288	25	5.26	3.37	0	1	false
6	39	306	17	6.99	6.65	0	1	false
6	40	426	34	5.39	2.52	0	2	true
6	41	441	26	5.48	1.05	0	2	false
6	42	450	13	6.17	4.29	0	2	false
6	43	460	16	5.23	3.09	0	2	false
6	44	458	10	4.64	0.9	0	2	false
6	45	468	12	5.05	4.93	0	2	false
6	46	456	19	5.29	1.22	0	2	false
6	47	459	11	5.4	3.59	0	2	false
6	48	457	21	5.06	3.01	0	2	false
6	49	475	17	5.89	4.79	0	2	false
6	50	446	29	4.86	4.09	0	2	false
6	51	470	20	4.63	2.16	0	2	false
6	52	462	29	5.61	2.51	0	2	false
6	53	449	22	5.96	5.43	0	2	false
6	54	456	14	6.14	0.41	0	2	false
6	55	444	6	5.79	2.71	0	2	false
6	56	453	20	4.95	2.35	0	2	false
6	57	456	15	4.91	3	0	2	false
6	58	468	10	5.46	0.26	0	2	false
6	59	445	10	5.46	4.48	0	2	false
6	60	100	404	8.27	3.19	0	3	true
6	61	157	401	8.36	0.98	0	3	false
6	62	158	430	8.23	1.31	0	3	false
6	63	157	411	7.14	2.66	0	3	false
6	64	123	415	8.58	2.21	0	3	false
6	65	153	385	7.93	0	0	3	false
6	66	144	406	7.55	3.62	0	3	false
6	67	134	396	7.23	4.51	0	3	false
6	68	134	403	8.05	3.78	0	3	false
6	69	145	398	9.23	5.35	0	3	false
6	70	132	408	9.23	4.66	0	3	false
6	71	145	389	7.23	2.78	0	3	false
6	72	107	400	9.41	4.62	0	3	false
6	73	140	410	8.29	2.51	0	3	false
6	74	158	419	7.18	3.63	0	3	false
6	75	142	390	9.26	2.42	0	3	false
6	76	137	402	7.16	1.92	0	3	false
6	77	172	421	8.68	3.71	0	3	false
6	78	144	414	7.76	3.6	0	3	false
6	79	144	415	9.11	5.25	0	3	false
6	80	492	246	7.66	1.84	0	4	true
6	81	490	187	7.64	-0.27	0	4	false
6	82	486	199	7.14	0.28	0	4	false
6	83	482	229	7.91	-1.53	0	4	false
6	84	490	206	7.44	2.58	0	4	false
6	85	496	181	8.52	2.41	0	4	false
6	86	487	208	6.55	0.2	0	4	false
6	87	481	223	7.47	1.9	0	4	false
6	88	494	228	8.62	1.4	0	4	false
6	89	494	211	7.79	2.51	0	4	false
6	90	490	219	8.73	1.23	0	4	false
6	91	493	217	8.21	0.66	0	4	false
6	92	497	213	7.21	1.89	0	4	false
6	93	490	199	8.12	-0.17	0	4	false
6	94	483	203	8.45	2.26	0	4	false
6	95	496	200	7.11	-0.96	0	4	false
6	96	499	201	6.87	2.9	0	4	false
6	97	497	213	8.79	4.11	0	4	false
6	98	481	203	7.61	0.89	0	4	false
6	99	485	217	7.85	3.89	0	4	false
7	0	102	484	6.48	5.55	0	0	true
7	1	46	480	5.68	-1.65	0	0	false
7	2	62	497	6.34	3.36	0	0	false
7	3	84	484	7.15	-1.79	0	0	false
7	4	76	496	6.4	6.84	0	0	false
7	5	65	496	6.08	4.02	0	0	false
7	6	63	494	5.86	3.36	0	0	false
7	7	74	472	6.71	2.42	0	0	false
7	8	66	492	5.76	3.72	0	0	false
7	9	72	482	7.23	1.35	0	0	false
7	10	78	476	6.7	1.14	0	0	false
7	11	68	472	6.92	3.12	0	0	false
7	12	74	489	6.53	8.78	0	0	false
7	13	83	460	6.64	-0.59	0	0	false
7	14	67	475	6.61	2.45	0	0	false
7	15	73	478	7.38	-1.15	0	0	false
7	16	82	470	6.59	-0.59	0	0	false
7	17	84	481	7.26	2.17	0	0	false
7	18	57	481	6.32	1.05	0	0	false
7	19	70	496	5.61	5.77	0	0	false
7	20	318	19	6.1	0.88	0	1	true
7	21	306	14	6.89	0.44	0	1	false
7	22	283	0	6.91	2.66	0	1	false
7	23	295	6	5.58	-0.14	0	1	false
7	24	296	3	6.93	1.95	0	1	false
7	25	280	16	5.26	1.53	0	1	false
7	26	282	13	5.19	0.05	0	1	false
7	27	280	21	6.25	7.41	0	1	false
7	28	322	36	5.29	3.15	0	1	false
7	29	287	1	6.95	2.25	0	1	false
7	30	284	22	5.86	7.56	0	1	false
7	31	269	13	6.22	2.08	0	1	false
7	32	290	0	5.22	2.94	0	1	false
7	33	295	4	6.75	1.12	0	1	false
7	34	307	18	7	2.4	0	1	false
7	35	288	11	6.38	0.46	0	1	false
7	36	290	11	6.18	-0.43	0	1	false
7	37	289	1	5.8	1.36	0	1	false
7	38	283	24	6.34	3.77	0	1	false
7	39	312	20	5.58	6.47	0	1	false
7	40	422	37	5.39	2.52	0	2	true
7	41	444	30	5.61	3.5	0	2	false
7	42	448	7	4.83	1.59	0	2	false
7	43	455	16	5.47	3.35	0	2	false
7	44	461	14	5.95	4.42	0	2	false
7	45	469	7	5.08	2.61	0	2	false
7	46	458	24	5.56	4.08	0	2	false
7	47	454	8	5.63	4.77	0	2	false
7	48	452	21	4.77	4.13	0	2	false
7	49	476	12	5.6	5.31	0	2	false
7	50	443	25	6.12	3.18	0	2	false
7	51	467	24	5.49	0.26	0	2	false
7	52	458	32	4.74	4.55	0	2	false
7	53	453	17	5.65	0.2	0	2	false
7	54	461	17	5.48	1.58	0	2	false
7	55	439	8	5.43	1.44	0	2	false
7	56	449	23	5.45	0.51	0	2	false
7	57	451	15	5.74	3.97	0	2	false
7	58	473	12	4.96	1.39	0	2	false
7	59	444	5	5.04	0.16	0	2	false
7	60	92	403	8.27	3.19	0	3	true
7	61	162	408	7.7	1.96	0	3	false
7	62	160	438	8.4	3.45	0	3	false
7	63	151	414	8.69	5.78	0	3	false
7	64	118	422	8.71	5.91	0	3	false
7	65	161	385	7.03	5.17	0	3	false
7	66	138	403	8.34	5.58	0	3	false
7	67	132	389	8.21	2.29	0	3	false
7	68	127	399	7.14	1.11	0	3	false
7	69	151	390	9.31	2.02	0	3	false
7	70	132	399	7.56	3.99	0	3	false
7	71	138	391	7.52	0.59	0	3	false
7	72	106	391	7.08	4.2	0	3	false
7	73	133	415	7.94	5.13	0	3	false
7	74	151	415	7.68	0.53	0	3	false
7	75	135	396	9.2	4.87	0	3	false
7	76	135	409	8.89	2.76	0	3	false
7	77	165	417	8.89	4.2	0	3	false
7	78	137	411	7.96	5.62	0	3	false
7	79	149	408	7.92	1.81	0	3	false
7	80	490	253	7.66	1.84	0	4	true
7	81	497	185	7.23	4.28	0	4	false
7	82	492	201	8.55	1.1	0	4	false
7	83	483	222	8.23	-0.39	0	4	false
7	84	484	210	8.74	-1.31	0	4	false
7	85	490	187	7.83	0.81	0	4	false
7	86	493	209	8.19	0.48	0	4	false
7	87	479	230	7.65	1.67	0	4	false
7	88	495	236	8.63	2.83	0	4	false
7	89	488	216	7.01	1.08	0	4	false
7	90	493	228	7.99	1.1	0	4	false
7	91	499	222	6.64	1.75	0	4	false
7	92	495	220	8.5	2.52	0	4	false
7	93	498	198	8.17	0.66	0	4	false
7	94	478	210	7.52	1.19	0	4	false
7	95	499	194	7.53	3.71	0	4	false
7	96	492	202	8.28	1.04	0	4	false
7	97	492	206	8.29	1.68	0	4	false
7	98	486	209	7.49	1.15	0	4	false
7	99	479	211	7.73	1.45	0	4	false
8	0	107	480	6.48	5.55	0	0	true
8	1	45	475	6.1	2.52	0	0	false
8	2	56	496	7.21	5.73	0	0	false
8	3	83	477	6.06	-0.63	0	0	false
8	4	81	499	6.41	5.96	0	0	false
8	5	61	491	6.57	4.91	0	0	false
8	6	57	493	6.85	3.29	0	0	false
8	7	69	477	6.17	0.84	0	0	false
8	8	61	489	5.99	3.3	0	0	false
8	9	74	489	5.57	3.68	0	0	false
8	10	81	482	5.67	7.44	0	0	false
8	11	61	472	6.58	2.55	0	0	false
8	12	68	493	6.88	8.71	0	0	false
8	13	88	457	6.61	-0.18	0	0	false
8	14	62	479	6.98	1.95	0	0	false
8	15	76	471	6.97	-1.38	0	0	false
8	16	88	467	7.28	2.01	0	0	false
8	17	80	487	5.53	7.02	0	0	false
8	18	60	486	6.74	7.67	0	0	false
8	19	75	493	6.13	6.02	0	0	false
8	20	322	24	6.1	0.88	0	1	true
8	21	313	17	5.91	1.76	0	1	false
8	22	276	3	6.02	1.88	0	1	false
8	23	301	5	6.33	1.39	0	1	false
8	24	294	10	6.93	2.03	0	1	false
8	25	280	21	6.2	2.46	0	1	false
8	26	287	13	6.68	-2.42	0	1	false
8	27	283	26	6.71	8.41	0	1	false
8	28	317	36	5.55	3.66	0	1	false
8	29	283	7	6.91	0.67	0	1	false
8	30	286	27	6.88	4.45	0	1	false
8	31	266	18	5.9	2.35	0	1	false
8	32	285	1	6.43	-1.51	0	1	false
8	33	298	10	6.88	-2.19	0	1	false
8	34	302	23	6.67	-2.31	0	1	false
8	35	294	14	7	1.88	0	1	false
8	36	296	9	5.85	2.55	0	1	false
8	37	291	6	5.34	-1.56	0	1	false
8	38	278	20	6.73	-1.43	0	1	false
8	39	318	21	6.4	1.21	0	1	false
8	40	418	40	5.39	2.52	0	2	true
8	41	438	28	4.87	0.68	0	2	false
8	42	448	12	5.04	2.82	0	2	false
8	43	450	15	4.9	4.38	0	2	false
8	44	459	8	5.07	2.85	0	2	false
8	45	465	10	5.76	3.64	0	2	false
8	46	454	20	5.33	-0.07	0	2	false
8	47	454	3	5.32	0.4	0	2	false
8	48	450	17	4.64	3.45	0	2	false
8	49	479	7	5.49	2.45	0	2	false
8	50	437	24	5.54	0.09	0	2	false
8	51	472	25	6.19	5.33	0	2	false
8	52	457	27	4.71	4.85	0	2	false
8	53	458	18	4.84	2.21	0	2	false
8	54	461	22	6.07	3.96	0	2	false
8	55	440	13	6.07	2.89	0	2	false
8	56	454	26	5.85	0.62	0	2	false
8	57	447	11	5.45	2	0	2	false
8	58	474	17	4.73	1.74	0	2	false
8	59	449	5	4.87	2.99	0	2	false
8	60	84	403	8.27	3.19	0	3	true
8	61	159	415	7.19	4.44	0	3	false
8	62	152	435	8.37	4.11	0	3	false
8	63	158	410	8.44	3.5	0	3	false
8	64	126	419	8.28	4.88	0	3	false
8	65	164	379	7.17	0.26	0	3	false
8	66	144	397	9.08	4.38	0	3	false
8	67	127	395	7.41	1.84	0	3	false
8	68	130	405	8.91	4.33	0	3	false
8	69	147	399	8.23	4.78	0	3	false
8	70	127	393	9.04	3.35	0	3	false
8	71	145	395	8.92	4.76	0	3	false
8	72	103	385	7.75	2.26	0	3	false
8	73	136	408	9.46	3.77	0	3	false
8	74	158	419	7.38	0.74	0	3	false
8	75	137	387	7.39	0.45	0	3	false
8	76	127	412	7.51	5.55	0	3	false
8	77	160	409	8.09	5.35	0	3	false
8	78	143	406	8.07	0.43	0	3	false
8	79	147	415	8.46	4.82	0	3	false
8	80	488	260	7.66	1.84	0	4	true
8	81	494	179	7.66	-0.43	0	4	false
8	82	496	209	7.71	0.23	0	4	false
8	83	490	218	7.51	4.32	0	4	false
8	84	486	202	7.6	2.23	0	4	false
8	85	495	193	8.48	-0.47	0	4	false
8	86	499	213	7.75	3.43	0	4	false
8	87	478	238	6.88	3.78	0	4	false
8	88	487	239	6.63	-0.61	0	4	false
8	89	491	222	8.59	1	0	4	false
8	90	497	235	8.32	0.08	0	4	false
8	91	498	229	8.04	-0.21	0	4	false
8	92	488	225	8.3	3.7	0	4	false
8	93	494	203	7.02	-1	0	4	false
8	94	481	217	6.65	3.72	0	4	false
8	95	493	190	8.62	-0.89	0	4	false
8	96	496	209	8.04	4.44	0	4	false
8	97	491	214	8.68	2.54	0	4	false
8	98	489	216	6.86	2.34	0	4	false
8	99	480	219	7.77	3.75	0	4	false
9	0	112	475	6.48	5.55	0	0	true
9	1	40	478	5.51	8.29	0	0	false
9	2	62	492	5.55	3.76	0	0	false
9	3	88	473	6.2	-0.62	0	0	false
9	4	87	497	6.77	6.34	0	0	false
9	5	62	484	5.76	5.5	0	0	false
9	6	51	492	7.24	7.45	0	0	false
9	7	74	481	7.34	7.55	0	0	false
9	8	55	488	5.56	5.66	0	0	false
9	9	69	486	5.56	4.79	0	0	false
9	10	83	487	6.43	5.58	0	0	false
9	11	56	475	6.8	8.82	0	0	false
9	12	63	497	6.48	8.3	0	0	false
9	13	95	456	5.92	-1.83	0	0	false
9	14	60	485	6.99	3.71	0	0	false
9	15	78	464	6.27	-1.97	0	0	false
9	16	85	473	7.17	1.56	0	0	false
9	17	84	490	6.54	6.54	0	0	false
9	18	62	493	6.21	4.15	0	0	false
9	19	81	492	7.31	6.03	0	0	false
9	20	325	28	6.1	0.88	0	1	true
9	21	312	22	6.28	0.29	0	1	false
9	22	275	9	5.77	-0.07	0	1	false
9	23	302	12	5.77	-0.72	0	1	false
9	24	290	16	6.47	-0.34	0	1	false
9	25	275	25	5.52	-0.86	0	1	false
9	26	282	9	5.44	-2.29	0	1	false
9	27	279	32	5.55	6.77	0	1	false
9	28	312	33	6.26	7.26	0	1	false
9	29	288	11	5.91	-1.25	0	1	false
9	30	284	21	5.37	-0.49	0	1	false
9	31	262	22	6.87	0.14	0	1	false
9	32	286	4	5.49	1.8	0	1	false
9	33	294	4	6.93	2.97	0	1	false
9	34	297	18	6.7	-0.2	0	1	false
9	35	292	20	5.5	2.35	0	1	false
9	36	291	12	5.65	1.17	0	1	false
9	37	291	1	6.23	2.11	0	1	false
9	38	279	14	6.83	0	0	1	false
9	39	320	27	5.24	2.09	0	1	false
9	40	413	44	5.39	2.52	0	2	true
9	41	442	32	5.98	2.67	0	2	false
9	42	443	13	5.02	1.55	0	2	false
9	43	448	10	5.18	1.94	0	2	false
9	44	454	9	5.65	4.33	0	2	false
9	45	460	7	5.45	0.85	0	2	false
9	46	460	19	4.81	0.05	0	2	false
9	47	459	5	5.68	4.19	0	2	false
9	48	445	16	5.13	3.15	0	2	false
9	49	475	10	4.67	3.01	0	2	false
9	50	443	25	5.24	2.65	0	2	false
9	51	476	20	4.61	5.2	0	2	false
9	52	457	23	5.47	2.86	0	2	false
9	53	455	22	5.97	2.51	0	2	false
9	54	457	18	5.46	2.35	0	2	false
9	55	434	15	6.16	3.16	0	2	false
9	56	459	29	5.21	3.4	0	2	false
9	57	445	16	5.49	4.47	0	2	false
9	58	473	21	5.14	4.86	0	2	false
9	59	444	6	5.89	3.5	0	2	false
9	60	75	403	8.27	3.19	0	3	true
9	61	157	408	9.35	1.01	0	3	false
9	62	147	428	7.27	5.31	0	3	false
9	63	150	407	8.21	4.77	0	3	false
9	64	127	411	8.33	2.29	0	3	false
9	65	171	380	8.18	5.48	0	3	false
9	66	141	389	7.41	1.24	0	3	false
9	67	125	402	8.25	4.47	0	3	false
9	68	127	397	7.1	1.91	0	3	false
9	69	147	391	7.65	2.09	0	3	false
9	70	118	391	8.95	0.81	0	3	false
9	71	145	386	9.21	5.51	0	3	false
9	72	98	391	9.3	2.99	0	3	false
9	73	129	403	9.49	1.09	0	3	false
9	74	163	424	8.26	4.28	0	3	false
9	75	144	390	7.2	5.42	0	3	false
9	76	132	407	8.25	5.99	0	3	false
9	77	165	402	7.58	3.99	0	3	false
9	78	151	409	9.41	1.21	0	3	false
9	79	148	407	7.26	1.96	0	3	false
9	80	486	268	7.66	1.84	0	4	true
9	81	498	176	6.53	4.51	0	4	false
9	82	495	211	8.08	1.04	0	4	false
9	83	488	211	8.19	4.06	0	4	false
9	84	482	208	8.65	2.66	0	4	false
9	85	496	189	6.7	1.2	0	4	false
9	86	491	211	7.27	4.39	0	4	false
9	87	473	234	8.42	1.96	0	4	false
9	88	493	235	6.97	3.01	0	4	false
9	89	496	229	8.61	1.63	0	4	false
9	90	494	235	7.37	3.23	0	4	false
9	91	493	227	7.18	-0.43	0	4	false
9	92	481	221	7.81	2.38	0	4	false
9	93	498	197	7.38	3.76	0	4	false
9	94	475	213	7.98	2.17	0	4	false
9	95	498	184	6.61	0.05	0	4	false
9	96	494	202	8.42	0.18	0	4	false
9	97	484	219	7.22	0.34	0	4	false
9	98	484	221	7.46	3.99	0	4	false
9	99	474	215	7.79	2.95	0	4	false
10	0	116	471	6.48	5.55	0	0	true
10	1	38	483	6.68	6.13	0	0	false
10	2	58	489	5.86	5.91	0	0	false
10	3	93	470	5.77	0.37	0	0	false
10	4	94	498	6.21	5.26	0	0	false
10	5	66	480	6.73	6.61	0	0	false
10	6	53	499	6.15	8.53	0	0	false
10	7	76	488	6.64	7.69	0	0	false
10	8	59	485	5.64	5.48	0	0	false
10	9	70	481	6.7	7.65	0	0	false
10	10	88	483	5.68	5.18	0	0	false
10	11	50	479	6.63	3.68	0	0	false
10	12	60	496	6.1	8.47	0	0	false
10	13	93	450	7.27	-0.26	0	0	false
10	14	54	482	5.75	5.78	0	0	false
10	15	75	459	5.76	1.6	0	0	false
10	16	85	481	6.09	5.51	0	0	false
10	17	91	492	5.6	6.41	0	0	false
10	18	58	488	6.5	4.73	0	0	false
10	19	88	490	6.38	7.71	0	0	false
10	20	329	33	6.1	0.88	0	1	true
10	21	318	24	6.07	1.14	0	1	false
10	22	280	9	5.51	1.82	0	1	false
10	23	306	8	6.01	-0.65	0	1	false
10	24	297	14	6.36	2.13	0	1	false
10	25	279	21	6.2	0.14	0	1	false
10	26	278	5	6.3	-0.45	0	1	false
10	27	284	35	5.46	6.82	0	1	false
10	28	316	38	6.48	5.08	0	1	false
10	29	290	6	6.94	-0.05	0	1	false
10	30	289	18	5.93	2.69	0	1	false
10	31	269	23	6.23	-1.3	0	1	false
10	32	284	9	6.07	1.34	0	1	false
10	33	287	5	5.35	-0.14	0	1	false
10	34	304	16	5.71	-1.56	0	1	false
10	35	288	24	6.6	-1.13	0	1	false
10	36	293	17	5.29	0.43	0	1	false
10	37	287	6	6.34	-0.3	0	1	false
10	38	286	14	6.58	1.87	0	1	false
10	39	317	31	6.18	2.7	0	1	false
10	40	409	47	5.39	2.52	0	2	true
10	41	437	34	4.9	1.78	0	2	false
10	42	443	18	5.65	4.74	0	2	false
10	43	446	15	5.53	2.15	0	2	false
10	44	452	4	4.83	-0.45	0	2	false
10	45	463	11	4.96	5.23	0	2	false
10	46	464	19	5.42	2.61	0	2	false
10	47	456	0	4.64	-0.41	0	2	false
10	48	440	16	5.38	4.52	0	2	false
10	49	470	11	5.59	0.65	0	2	false
10	50	438	27	5.19	4.53	0	2	false
10	51	478	16	5.67	4.61	0	2	false
10	52	452	24	4.97	0.61	0	2	false
10	53	451	26	5.85	3.51	0	2	false
10	54	453	22	5.22	3.01	0	2	false
10	55	428	15	5.42	1.35	0	2	false
10	56	454	28	4.71	5.23	0	2	false
10	57	443	11	5.86	-0.17	0	2	false
10	58	474	16	5.91	5.31	0	2	false
10	59	438	4	5.55	4.35	0	2	false
10	60	67	402	8.27	3.19	0	3	true
10	61	162	416	8.89	1.38	0	3	false
10	62	151	422	7.37	5.55	0	3	false
10	63	151	399	8.87	0.42	0	3	false
10	64	122	417	9.14	2.25	0	3	false
10	65	177	375	9.36	0.64	0	3	false
10	66	143	396	8.54	0.62	0	3	false
10	67	123	394	8.75	5.13	0	3	false
10	68	125	403	9.41	4.43	0	3	false
10	69	144	397	8.62	1.92	0	3	false
10	70	124	398	9.16	5.19	0	3	false
10	71	152	380	8.29	3.37	0	3	false
10	72	89	392	8.24	0.45	0	3	false
10	73	133	411	9.05	5.91	0	3	false
10	74	160	417	7.52	4.76	0	3	false
10	75	148	385	8.26	4.27	0	3	false
10	76	140	405	7.32	1.16	0	3	false
10	77	160	397	7.2	3.17	0	3	false
10	78	154	418	7.61	2.04	0	3	false
10	79	145	414	7.25	3.42	0	3	false
10	80	484	275	7.66	1.84	0	4	true
10	81	496	169	6.63	4.17	0	4	false
10	82	499	218	8.06	0.64	0	4	false
10	83	483	205	7.97	1.65	0	4	false
10	84	474	212	6.6	1.3	0	4	false
10	85	499	195	7.48	3.59	0	4	false
10	86	489	204	8.6	0.42	0	4	false
10	87	469	241	8	1.48	0	4	false
10	88	486	236	7.85	3.88	0	4	false
10	89	495	238	6.7	4.51	0	4	false
10	90	486	235	7.45	3.47	0	4	false
10	91	499	224	8.21	0.5	0	4	false
10	92	475	226	8.03	3.64	0	4	false
10	93	492	193	7.2	2.53	0	4	false
10	94	471	220	7.37	3.66	0	4	false
10	95	494	184	8.02	2.38	0	4	false
10	96	497	203	6.53	-0.61	0	4	false
10	97	491	222	6.79	0.23	0	4	false
10	98	479	215	8.47	1.05	0	4	false
10	99	466	216	6.98	3.35	0	4	false
11	0	121	467	6.48	5.55	0	0	true
11	1	44	482	6.27	6.99	0	0	false
11	2	63	486	7.23	8.6	0	0	false
11	3	98	472	5.54	7.05	0	0	false
11	4	97	492	6.46	8.09	0	0	false
11	5	73	483	7.16	7	0	0	false
11	6	50	495	5.92	3.27	0	0	false
11	7	77	495	5.95	5.08	0	0	false
11	8	63	481	6.28	4.02	0	0	false
11	9	71	487	7.18	8.02	0	0	false
11	10	90	478	6.68	4.22	0	0	false
11	11	44	476	6.12	6.74	0	0	false
11	12	57	498	5.9	3.73	0	0	false
11	13	100	448	7.18	2.45	0	0	false
11	14	59	479	6.75	6.29	0	0	false
11	15	75	464	6.18	2.58	0	0	false
11	16	89	476	7.22	6.15	0	0	false
11	17	96	493	6.36	7.62	0	0	false
11	18	58	481	6.45	7.41	0	0	false
11	19	89	496	5.93	4.59	0	0	false
11	20	333	38	6.1	0.88	0	1	true
11	21	320	30	5.39	2.96	0	1	false
11	22	279	14	6.93	2.18	0	1	false
11	23	311	4	5.48	-1.61	0	1	false
11	24	293	19	6.99	0.54	0	1	false
11	25	285	22	6.08	0.93	0	1	false
11	26	284	2	5.49	-0.13	0	1	false
11	27	289	37	6.27	-0.79	0	1	false
11	28	318	32	5.75	2.33	0	1	false
11	29	297	5	6.95	-0.51	0	1	false
11	30	283	21	6.31	-0.95	0	1	false
11	31	270	17	6.11	2.79	0	1	false
11	32	286	15	5.37	-2.35	0	1	false
11	33	293	4	6.68	-1.81	0	1	false
11	34	304	11	6.56	2.36	0	1	false
11	35	291	18	5.56	-0.88	0	1	false
11	36	298	19	6.72	0.01	0	1	false
11	37	294	4	5.54	1.5	0	1	false
11	38	284	20	6.37	0.43	0	1	false
11	39	312	34	7	-1.08	0	1	false
11	40	404	50	5.39	2.52	0	2	true
11	41	436	39	6.11	2.12	0	2	false
11	42	443	13	5.18	1.9	0	2	false
11	43	443	19	5.22	2.42	0	2	false
11	44	456	2	5.33	-0.08	0	2	false
11	45	466	7	4.73	4.11	0	2	false
11	46	460	22	4.83	3.88	0	2	false
11	47	460	1	5.35	4.11	0	2	false
11	48	439	11	4.98	1.71	0	2	false
11	49	474	14	4.64	0.7	0	2	false
11	50	437	22	5.01	2.56	0	2	false
11	51	477	11	4.76	3.94	0	2	false
11	52	456	27	5.4	3.85	0	2	false
11	53	445	24	4.7	5.3	0	2	false
11	54	448	23	5.41	0.82	0	2	false
11	55	429	20	4.89	3.5	0	2	false
11	56	456	24	5.66	0.88	0	2	false
11	57	449	10	6.2	4.78	0	2	false
11	58	477	11	6.04	0.84	0	2	false
11	59	437	0	5.81	1.27	0	2	false
11	60	59	402	8.27	3.19	0	3	true
11	61	164	425	8.84	4.12	0	3	false
11	62	156	418	8.57	1.84	0	3	false
11	63	159	402	7.79	4.16	0	3	false
11	64	116	424	8.17	0.83	0	3	false
11	65	184	380	7.46	2.77	0	3	false
11	66	150	401	7.56	4.87	0	3	false
11	67	127	386	8.06	3.16	0	3	false
11	68	122	394	8.9	3.01	0	3	false
11	69	141	405	9.36	4.26	0	3	false
11	70	128	390	7.88	3.57	0	3	false
11	71	144	378	9.37	2.47	0	3	false
11	72	96	396	9.39	3.46	0	3	false
11	73	142	408	9.49	5.73	0	3	false
11	74	160	409	7.58	2.72	0	3	false
11	75	145	377	8.35	4.49	0	3	false
11	76	143	412	7.43	3.84	0	3	false
11	77	153	397	7.73	2.23	0	3	false
11	78	151	425	8.95	1.05	0	3	false
11	79	138	412	8.66	3.44	0	3	false
11	80	482	283	7.66	1.84	0	4	true
11	81	493	163	7.63	0.61	0	4	false
11	82	493	223	7.64	0.42	0	4	false
11	83	482	213	7.18	0.61	0	4	false
11	84	476	218	6.58	-0.81	0	4	false
11	85	492	192	7.23	2.01	0	4	false
11	86	497	207	6.85	1.08	0	4	false
11	87	470	249	6.81	0.15	0	4	false
11	88	480	231	8.62	3.48	0	4	false
11	89	494	232	7.68	2.44	0	4	false
11	90	479	232	7.99	1.72	0	4	false
11	91	492	228	7.5	0.26	0	4	false
11	92	468	222	7.93	1.44	0	4	false
11	93	486	197	6.92	-0.18	0	4	false
11	94	464	216	6.59	2.87	0	4	false
11	95	488	190	7.47	2.34	0	4	false
11	96	497	200	8.75	0.48	0	4	false
11	97	497	223	7.21	0.95	0	4	false
11	98	483	223	6.75	-0.36	0	4	false
11	99	459	215	7.41	3.72	0	4	false
12	0	126	462	6.48	5.55	0	0	true
12	1	49	486	6.82	3.32	0	0	false
12	2	58	492	6.74	6.44	0	0	false
12	3	102	475	6.39	5.94	0	0	false
12	4	96	499	6.68	5.89	0	0	false
12	5	78	487	5.9	8.51	0	0	false
12	6	44	495	5.89	4.75	0	0	false
12	7	79	489	7.31	8.29	0	0	false
12	8	59	476	6.11	5.76	0	0	false
12	9	70	494	5.54	6.53	0	0	false
12	10	87	472	5.82	7.79	0	0	false
12	11	50	479	5.78	4.23	0	0	false
12	12	52	495	5.84	4.74	0	0	false
12	13	95	452	6.93	2.61	0	0	false
12	14	66	479	6.01	5.96	0	0	false
12	15	70	468	7.14	4.76	0	0	false
12	16	96	475	5.69	4.56	0	0	false
12	17	98	499	6.53	6.94	0	0	false
12	18	61	487	7.1	8.5	0	0	false
12	19	88	490	5.53	8.01	0	0	false
12	20	337	43	6.1	0.88	0	1	true
12	21	315	31	6.55	0.72	0	1	false
12	22	275	20	6.38	1.28	0	1	false
12	23	311	0	6.04	2.33	0	1	false
12	24	299	23	5.75	-1.73	0	1	false
12	25	289	27	6.25	-2.05	0	1	false
12	26	290	1	5.56	1.02	0	1	false
12	27	293	33	6.84	1.04	0	1	false
12	28	314	36	6.16	-2.33	0	1	false
12	29	303	2	6.53	0.5	0	1	false
12	30	287	16	6.93	-1.42	0	1	false
12	31	265	20	6.53	-1.22	0	1	false
12	32	282	11	5.32	2.17	0	1	false
12	33	291	1	6.61	1.44	0	1	false
12	34	299	15	6.44	2.67	0	1	false
12	35	294	14	5.74	2.9	0	1	false
12	36	305	20	5.27	2.89	0	1	false
12	37	294	10	6.95	-0.07	0	1	false
12	38	289	22	6.54	2.12	0	1	false
12	39	315	28	6.54	3.27	0	1	false
12	40	400	53	5.39	2.52	0	2	true
12	41	432	44	5.69	0.89	0	2	false
12	42	442	18	4.61	1.42	0	2	false
12	43	439	23	6.12	3.5	0	2	false
12	44	462	2	5.32	1.68	0	2	false
12	45	463	3	6.13	2.44	0	2	false
12	46	456	19	4.68	4.04	0	2	false
12	47	457	2	5.15	2.01	0	2	false
12	48	439	16	4.65	1.2	0	2	false
12	49	478	17	5.32	4.12	0	2	false
12	50	433	25	5.69	0.78	0	2	false
12	51	474	7	4.99	0.32	0	2	false
12	52	452	24	5.31	1.97	0	2	false
12	53	448	20	5.42	1.24	0	2	false
12	54	452	27	4.71	0.48	0	2	false
12	55	424	18	5.49	-0.09	0	2	false
12	56	460	28	6.09	3.96	0	2	false
12	57	450	3	5.18	3.01	0	2	false
12	58	481	16	4.87	1.73	0	2	false
12	59	438	6	4.98	4.02	0	2	false
12	60	50	401	8.27	3.19	0	3	true
12	61	159	417	9.46	3.12	0	3	false
12	62	154	426	8.77	5.55	0	3	false
12	63	155	396	8.05	2.59	0	3	false
12	64	122	430	7.81	5.07	0	3	false
12	65	177	383	9.37	2.82	0	3	false
12	66	152	393	7.32	3.61	0	3	false
12	67	119	386	7.94	2.75	0	3	false
12	68	113	396	7.69	5.76	0	3	false
12	69	136	397	7.22	2.86	0	3	false
12	70	121	386	7.71	5.43	0	3	false
12	71	136	384	8.01	5.7	0	3	false
12	72	87	393	8.66	1.22	0	3	false
12	73	150	403	7.32	0.7	0	3	false
12	74	153	412	8	4.61	0	3	false
12	75	143	369	9.34	3.21	0	3	false
12	76	137	407	7.74	5.51	0	3	false
12	77	148	403	7.47	4.36	0	3	false
12	78	155	432	8.35	2.92	0	3	false
12	79	130	409	9.15	5.02	0	3	false
12	80	480	290	7.66	1.84	0	4	true
12	81	499	168	8.17	4.44	0	4	false
12	82	499	226	7.44	3.01	0	4	false
12	83	488	217	7.91	1.34	0	4	false
12	84	480	213	7.18	1.7	0	4	false
12	85	489	198	7.02	1.57	0	4	false
12	86	499	213	7.84	0.21	0	4	false
12	87	477	250	8.7	1.56	0	4	false
12	88	472	228	8.11	-0.5	0	4	false
12	89	488	236	7.22	0.75	0	4	false
12	90	478	240	7.77	2.83	0	4	false
12	91	499	230	8.67	1.3	0	4	false
12	92	469	230	8.78	0.19	0	4	false
12	93	493	196	8.5	1.42	0	4	false
12	94	458	218	8.58	-0.62	0	4	false
12	95	483	195	7.25	0.35	0	4	false
12	96	494	204	8.45	2.39	0	4	false
12	97	498	229	7.89	0.33	0	4	false
12	98	490	220	8.79	1.58	0	4	false
12	99	453	211	7.37	-1	0	4	false
13	0	131	458	6.48	5.55	0	0	true
13	1	42	485	5.9	8.55	0	0	false
13	2	65	493	6.21	3.52	0	0	false
13	3	108	473	6.07	3.36	0	0	false
13	4	102	496	5.94	5.02	0	0	false
13	5	74	492	6.23	7.17	0	0	false
13	6	44	489	6.12	5.74	0	0	false
13	7	76	496	7.07	7.1	0	0	false
13	8	65	473	5.71	7.63	0	0	false
13	9	75	496	6.68	6.96	0	0	false
13	10	87	478	6.73	4.97	0	0	false
13	11	47	474	6.36	4.66	0	0	false
13	12	52	489	5.93	6.33	0	0	false
13	13	89	456	6.36	2.44	0	0	false
13	14	71	477	6.84	7.68	0	0	false
13	15	70	460	5.61	4.42	0	0	false
13	16	96	470	6.29	6.36	0	0	false
13	17	103	496	6.38	5.03	0	0	false
13	18	57	493	6.57	6.98	0	0	false
13	19	88	496	7.12	7.05	0	0	false
13	20	341	47	6.1	0.88	0	1	true
13	21	320	35	5.31	0.91	0	1	false
13	22	277	26	5.26	1.74	0	1	false
13	23	307	5	6.76	-1.01	0	1	false
13	24	298	17	6.79	2.41	0	1	false
13	25	286	21	6.31	2.17	0	1	false
13	26	293	6	5.8	-1.57	0	1	false
13	27	297	39	6.27	-1.54	0	1	false
13	28	310	32	6.03	1.65	0	1	false
13	29	309	5	6.29	1.41	0	1	false
13	30	288	9	6.06	1.01	0	1	false
13	31	267	13	5.76	-1.7	0	1	false
13	32	279	16	5.87	-0.34	0	1	false
13	33	292	8	6.02	0.99	0	1	false
13	34	293	18	5.55	1.35	0	1	false
13	35	289	15	5.69	1.97	0	1	false
13	36	300	21	6.64	0.17	0	1	false
13	37	301	9	5.63	1.73	0	1	false
13	38	286	28	5.92	-1.81	0	1	false
13	39	309	27	6.38	0.94	0	1	false
13	40	396	56	5.39	2.52	0	2	true
13	41	436	49	5.38	2.25	0	2	false
13	42	442	22	5.19	2.75	0	2	false
13	43	434	21	5.88	0.83	0	2	false
13	44	461	7	6.03	2.34	0	2	false
13	45	458	7	4.68	3.58	0	2	false
13	46	453	15	6.15	2.39	0	2	false
13	47	455	7	5.4	0.06	0	2	false
13	48	440	20	5.44	3.54	0	2	false
13	49	475	13	5.21	3.41	0	2	false
13	50	437	29	5.28	0.58	0	2	false
13	51	479	9	4.68	1.94	0	2	false
13	52	450	29	5.05	2.67	0	2	false
13	53	449	25	5.9	1.55	0	2	false
13	54	456	29	4.68	4.46	0	2	false
13	55	430	18	6.02	1.45	0	2	false
13	56	455	24	5.11	3.56	0	2	false
13	57	444	4	5.25	2.83	0	2	false
13	58	480	21	6.04	4.48	0	2	false
13	59	435	2	5.48	2.03	0	2	false
13	60	42	401	8.27	3.19	0	3	true
13	61	149	418	9.45	0.6	0	3	false
13	62	161	420	7.16	5.87	0	3	false
13	63	148	400	8.33	2.75	0	3	false
13	64	124	423	9.35	4.74	0	3	false
13	65	168	386	8.6	3.7	0	3	false
13	66	145	390	8.75	4.44	0	3	false
13	67	111	389	7.26	3.91	0	3	false
13	68	120	392	8.77	3.55	0	3	false
13	69	130	399	9.48	5.38	0	3	false
13	70	126	381	7.54	0.59	0	3	false
13	71	143	379	9.5	2.6	0	3	false
13	72	90	401	8.28	3.03	0	3	false
13	73	155	407	8.72	1.74	0	3	false
13	74	152	404	9.23	2.69	0	3	false
13	75	134	369	7.04	5.48	0	3	false
13	76	143	402	7.21	4.91	0	3	false
13	77	145	396	8.3	1.14	0	3	false
13	78	147	434	8.69	3.06	0	3	false
13	79	133	400	9.08	4.73	0	3	false
13	80	478	297	7.66	1.84	0	4	true
13	81	497	160	8.79	0.63	0	4	false
13	82	491	227	8.68	3.98	0	4	false
13	83	490	225	7.75	0.01	0	4	false
13	84	479	220	7.56	-1.13	0	4	false
13	85	489	205	6.81	3.39	0	4	false
13	86	492	215	8.35	-0.43	0	4	false
13	87	477	259	7.15	3.67	0	4	false
13	88	479	224	8.56	3.37	0	4	false
13	89	493	241	8.64	0.77	0	4	false
13	90	471	243	8.67	-1.05	0	4	false
13	91	497	238	8.69	4.18	0	4	false
13	92	478	232	7.05	2.37	0	4	false
13	93	494	204	6.97	1.79	0	4	false
13	94	465	213	7.13	2.07	0	4	false
13	95	490	197	8.18	0.16	0	4	false
13	96	488	209	7.84	3.1	0	4	false
13	97	494	232	8.29	4.31	0	4	false
13	98	490	229	7.93	0.34	0	4	false
13	99	457	204	7.75	3.93	0	4	false
14	0	136	454	6.48	5.55	0	0	true
14	1	39	490	7.16	7.18	0	0	false
14	2	59	490	6.72	4.15	0	0	false
14	3	102	472	6.06	5.99	0	0	false
14	4	104	490	7.36	7.77	0	0	false
14	5	78	497	7.32	4.8	0	0	false
14	6	49	486	6.57	3.26	0	0	false
14	7	81	498	6.01	3.18	0	0	false
14	8	66	479	6.06	3.9	0	0	false
14	9	80	499	5.64	7.26	0	0	false
14	10	89	471	7.27	5.05	0	0	false
14	11	47	467	6.68	4.06	0	0	false
14	12	58	489	7.19	5.41	0	0	false
14	13	84	460	6.87	4.06	0	0	false
14	14	73	484	6.35	6.25	0	0	false
14	15	69	455	7.24	5.82	0	0	false
14	16	102	470	6.92	6.72	0	0	false
14	17	105	490	6.47	3.34	0	0	false
14	18	62	497	7.18	6.34	0	0	false
14	19	93	498	6.89	6.79	0	0	false
14	20	345	52	6.1	0.88	0	1	true
14	21	323	39	6.52	1.72	0	1	false
14	22	276	31	6.23	0.13	0	1	false
14	23	310	0	6.71	0.37	0	1	false
14	24	293	22	5.27	1.57	0	1	false
14	25	282	26	5.77	1.64	0	1	false
14	26	293	0	6.9	-1.17	0	1	false
14	27	297	33	5.98	0.72	0	1	false
14	28	309	38	6.07	3.2	0	1	false
14	29	310	11	5.32	0.62	0	1	false
14	30	291	14	5.52	1.68	0	1	false
14	31	266	8	5.62	-1.67	0	1	false
14	32	284	14	5.93	-1.86	0	1	false
14	33	295	13	5.34	1.25	0	1	false
14	34	295	24	6.64	1.83	0	1	false
14	35	287	21	6.36	1.65	0	1	false
14	36	306	22	5.4	0.14	0	1	false
14	37	300	15	6.81	2.82	0	1	false
14	38	285	22	6.18	-0.75	0	1	false
14	39	312	32	5.19	0.74	0	1	false
14	40	391	59	5.39	2.52	0	2	true
14	41	433	53	6.01	0.65	0	2	false
14	42	438	24	4.87	0.47	0	2	false
14	43	438	25	5.44	1.02	0	2	false
14	44	457	11	5.54	2.34	0	2	false
14	45	454	5	5.39	1.15	0	2	false
14	46	449	19	4.6	0.36	0	2	false
14	47	460	7	5.21	4.5	0	2	false
14	48	435	18	5.79	4.41	0	2	false
14	49	470	12	5.83	4.62	0	2	false
14	50	441	32	5.98	2.15	0	2	false
14	51	477	13	5.43	1.95	0	2	false
14	52	446	31	5.76	5.47	0	2	false
14	53	450	31	5.55	1.85	0	2	false
14	54	455	24	4.79	3.61	0	2	false
14	55	431	24	6.08	0.43	0	2	false
14	56	451	22	5.3	0.81	0	2	false
14	57	439	6	5.23	0.63	0	2	false
14	58	479	15	5.9	2.14	0	2	false
14	59	433	7	4.97	-0.5	0	2	false
14	60	34	401	8.27	3.19	0	3	true
14	61	157	423	7.6	1.16	0	3	false
14	62	167	417	7.92	3.88	0	3	false
14	63	140	403	8.92	3.08	0	3	false
14	64	125	413	8.67	2.27	0	3	false
14	65	161	381	8.89	4.56	0	3	false
14	66	143	381	8.97	5.61	0	3	false
14	67	106	384	7.84	5.44	0	3	false
14	68	112	388	7.04	0.63	0	3	false
14	69	135	392	7.9	0.95	0	3	false
14	70	132	385	7.95	0.39	0	3	false
14	71	135	384	7.91	2.17	0	3	false
14	72	82	402	7.63	4.96	0	3	false
14	73	154	416	9.31	2.62	0	3	false
14	74	144	408	8.72	4.2	0	3	false
14	75	138	364	7.15	2.15	0	3	false
14	76	144	395	7.95	1.4	0	3	false
14	77	149	403	7.74	3.71	0	3	false
14	78	138	435	8.19	1.38	0	3	false
14	79	133	391	7.16	1.59	0	3	false
14	80	476	305	7.66	1.84	0	4	true
14	81	495	165	7.94	2.7	0	4	false
14	82	486	220	6.58	-0.57	0	4	false
14	83	497	225	8.64	3.41	0	4	false
14	84	483	214	6.72	2.39	0	4	false
14	85	482	204	8.41	3.08	0	4	false
14	86	499	211	7.42	-0.56	0	4	false
14	87	471	255	7.19	2.66	0	4	false
14	88	470	222	7.69	-0.1	0	4	false
14	89	499	247	8.55	-0.4	0	4	false
14	90	475	235	8.65	0.51	0	4	false
14	91	493	231	7.59	1.99	0	4	false
14	92	473	237	6.87	1.43	0	4	false
14	93	493	211	8.43	-0.4	0	4	false
14	94	461	219	7.73	-1.13	0	4	false
14	95	498	199	6.6	1.46	0	4	false
14	96	480	210	7.94	1.63	0	4	false
14	97	491	224	7.37	0.68	0	4	false
14	98	497	232	6.72	4.46	0	4	false
14	99	451	199	8.12	2.33	0	4	false
15	0	140	449	6.48	5.55	0	0	true
15	1	43	495	5.94	4.18	0	0	false
15	2	55	485	6.94	3.56	0	0	false
15	3	108	470	6.52	3.71	0	0	false
15	4	105	498	7.45	4.03	0	0	false
15	5	79	489	6.96	5.65	0	0	false
15	6	43	485	5.89	6.73	0	0	false
15	7	75	498	6.85	6.44	0	0	false
15	8	61	474	6.69	4.85	0	0	false
15	9	84	495	6.43	7.52	0	0	false
15	10	92	464	6.91	5.77	0	0	false
15	11	43	462	6.97	6.33	0	0	false
15	12	63	484	6.89	5.81	0	0	false
15	13	80	455	5.94	7.58	0	0	false
15	14	79	483	5.67	4.23	0	0	false
15	15	75	452	5.53	3.83	0	0	false
15	16	108	473	7.23	6.27	0	0	false
15	17	98	489	7.21	6.56	0	0	false
15	18	69	497	7.08	6.36	0	0	false
15	19	99	497	7.24	4.58	0	0	false
15	20	349	57	6.1	0.88	0	1	true
15	21	322	46	6.91	-0.85	0	1	false
15	22	282	32	6.02	-0.99	0	1	false
15	23	317	2	5.31	-1.67	0	1	false
15	24	293	27	5.42	-1.63	0	1	false
15	25	282	32	5.43	-1.8	0	1	false
15	26	295	5	6.87	1.19	0	1	false
15	27	301	37	5.6	2.13	0	1	false
15	28	303	37	5.55	1.07	0	1	false
15	29	314	14	5.46	-1.4	0	1	false
15	30	291	19	5.37	3.38	0	1	false
15	31	266	2	5.3	-0.58	0	1	false
15	32	283	8	5.27	-0.96	0	1	false
15	33	297	18	5.89	2.34	0	1	false
15	34	293	30	5.66	-1.06	0	1	false
15	35	286	27	6.35	1.54	0	1	false
15	36	311	23	6.51	-0.87	0	1	false
15	37	293	17	6.58	1.6	0	1	false
15	38	289	18	5.25	1.34	0	1	false
15	39	316	35	6.12	-2.18	0	1	false
15	40	387	62	5.39	2.52	0	2	true
15	41	437	56	6.04	4.43	0	2	false
15	42	442	26	4.67	0.5	0	2	false
15	43	440	30	5.6	1.77	0	2	false
15	44	453	15	5.28	5.21	0	2	false
15	45	456	10	4.91	-0.15	0	2	false
15	46	453	21	5.1	4.4	0	2	false
15	47	459	2	4.59	1.3	0	2	false
15	48	433	12	6.09	1.04	0	2	false
15	49	469	6	4.99	0.79	0	2	false
15	50	438	37	5.6	2.58	0	2	false
15	51	475	18	5.27	2.41	0	2	false
15	52	450	27	5.15	-0.19	0	2	false
15	53	448	36	6.11	1.2	0	2	false
15	54	450	22	5.95	1.19	0	2	false
15	55	436	26	5.64	0.77	0	2	false
15	56	454	26	5.07	4.39	0	2	false
15	57	444	9	4.66	3.11	0	2	false
15	58	476	20	5.21	0.46	0	2	false
15	59	437	4	5.15	3.2	0	2	false
15	60	26	400	8.27	3.19	0	3	true
15	61	160	430	7.68	4.95	0	3	false
15	62	161	412	8.6	4.53	0	3	false
15	63	131	404	9.33	1.38	0	3	false
15	64	119	420	7.17	2.67	0	3	false
15	65	160	372	9.23	0.74	0	3	false
15	66	150	376	8.84	0.76	0	3	false
15	67	111	378	7.06	3.69	0	3	false
15	68	118	392	7.5	3.33	0	3	false
15	69	140	398	9.3	5.91	0	3	false
15	70	140	388	7.19	4.02	0	3	false
15	71	130	391	9.32	0.87	0	3	false
15	72	84	395	8.61	3.67	0	3	false
15	73	146	421	7.74	3.36	0	3	false
15	74	140	400	7.99	4.18	0	3	false
15	75	134	370	9.31	3.4	0	3	false
15	76	146	402	7.31	2	0	3	false
15	77	142	399	8.68	2.35	0	3	false
15	78	140	443	8.74	3.56	0	3	false
15	79	133	398	8.82	5.75	0	3	false
15	80	474	312	7.66	1.84	0	4	true
15	81	488	169	8.16	2.54	0	4	false
15	82	491	217	7.59	0.21	0	4	false
15	83	489	223	6.54	0.65	0	4	false
15	84	478	218	7.23	0.25	0	4	false
15	85	474	204	7.16	0.19	0	4	false
15	86	494	208	8.26	1	0	4	false
15	87	464	259	7.82	1.79	0	4	false
15	88	478	221	8.37	3.56	0	4	false
15	89	492	244	7.79	3.81	0	4	false
15	90	483	239	8.04	2.99	0	4	false
15	91	490	238	8.27	-0.71	0	4	false
15	92	474	243	6.72	1.44	0	4	false
15	93	499	208	7.33	1.1	0	4	false
15	94	465	212	8.21	4.13	0	4	false
15	95	499	205	8.78	-0.22	0	4	false
15	96	480	218	7.89	3.33	0	4	false
15	97	496	229	8.51	1.8	0	4	false
15	98	495	225	6.99	1.16	0	4	false
15	99	446	205	8.44	2.67	0	4	false
16	0	145	445	6.48	5.55	0	0	true
16	1	40	490	6.66	8.21	0	0	false
16	2	49	482	5.53	3.62	0	0	false
16	3	103	467	6.68	4.1	0	0	false
16	4	100	492	6.85	5.87	0	0	false
16	5	84	485	6.91	7.15	0	0	false
16	6	48	488	6.25	5.96	0	0	false
16	7	82	499	6.15	5.89	0	0	false
16	8	62	468	7.15	5.18	0	0	false
16	9	86	498	7.13	4.58	0	0	false
16	10	98	461	5.61	3.89	0	0	false
16	11	50	462	6.64	6.78	0	0	false
16	12	69	481	6.69	8.16	0	0	false
16	13	81	460	7.17	3.4	0	0	false
16	14	76	478	6.46	3.79	0	0	false
16	15	71	448	6.81	4.37	0	0	false
16	16	115	473	5.95	7.39	0	0	false
16	17	105	491	6.37	7.34	0	0	false
16	18	76	498	7.09	4.6	0	0	false
16	19	98	490	6.53	3.21	0	0	false
16	20	353	61	6.1	0.88	0	1	true
16	21	327	40	6.53	3.39	0	1	false
16	22	285	27	6.51	2.08	0	1	false
16	23	316	2	6.8	0.03	0	1	false
16	24	293	22	6.56	0.13	0	1	false
16	25	281	27	6.81	1.28	0	1	false
16	26	298	11	7.01	2.98	0	1	false
16	27	298	41	5.23	-0.48	0	1	false
16	28	306	42	6.39	1.37	0	1	false
16	29	315	9	6.61	0.92	0	1	false
16	30	286	18	5.57	1.92	0	1	false
16	31	270	0	6.14	-1.92	0	1	false
16	32	286	4	5.59	0.25	0	1	false
16	33	293	22	6.64	-1.87	0	1	false
16	34	296	25	6	-1.3	0	1	false
16	35	286	33	6.22	2.26	0	1	false
16	36	316	18	5.48	2.15	0	1	false
16	37	293	24	5.78	-1.87	0	1	false
16	38	290	23	5.24	-1.62	0	1	false
16	39	313	30	5.57	3.01	0	1	false
16	40	383	66	5.39	2.52	0	2	true
16	41	436	51	4.83	3.01	0	2	false
16	42	446	29	4.97	1.9	0	2	false
16	43	439	35	4.81	3.93	0	2	false
16	44	456	11	5.06	4.73	0	2	false
16	45	461	9	4.8	0.57	0	2	false
16	46	451	16	5.49	3.35	0	2	false
16	47	461	7	6.14	2.91	0	2	false
16	48	437	17	6.09	1.42	0	2	false
16	49	473	9	5.78	5.01	0	2	false
16	50	433	40	5.33	1.38	0	2	false
16	51	471	22	4.85	0.41	0	2	false
16	52	455	26	5.56	3.89	0	2	false
16	53	450	42	5.7	0.75	0	2	false
16	54	453	28	5.13	3.7	0	2	false
16	55	440	30	6.13	2.54	0	2	false
16	56	453	21	5.48	0.42	0	2	false
16	57	439	9	5.44	5.1	0	2	false
16	58	480	22	4.91	-0.04	0	2	false
16	59	432	4	4.81	1.08	0	2	false
16	60	17	400	8.27	3.19	0	3	true
16	61	162	422	8.15	2.67	0	3	false
16	62	160	403	8.69	4.14	0	3	false
16	63	133	413	8.27	4.09	0	3	false
16	64	113	423	7.87	2.69	0	3	false
16	65	166	379	8.58	2.92	0	3	false
16	66	156	382	8.08	4.6	0	3	false
16	67	105	375	9.21	0.1	0	3	false
16	68	110	391	7.47	1.22	0	3	false
16	69	149	395	7.87	0.66	0	3	false
16	70	135	382	8.27	2.52	0	3	false
16	71	136	398	7.62	2.58	0	3	false
16	72	76	390	7.44	2.59	0	3	false
16	73	138	419	7.62	5.93	0	3	false
16	74	136	394	7.6	4.16	0	3	false
16	75	125	367	7.37	3.93	0	3	false
16	76	143	409	7.83	2.89	0	3	false
16	77	136	405	9.43	1.74	0	3	false
16	78	132	440	8.88	2.8	0	3	false
16	79	140	394	9.18	5.18	0	3	false
16	80	472	320	7.66	1.84	0	4	true
16	81	481	173	8.18	2.69	0	4	false
16	82	499	218	6.86	-0.85	0	4	false
16	83	494	226	7.49	2.67	0	4	false
16	84	485	220	7.19	4.05	0	4	false
16	85	481	206	8.39	2.67	0	4	false
16	86	498	214	7	3.1	0	4	false
16	87	463	266	7.42	1.05	0	4	false
16	88	470	218	7.41	1.32	0	4	false
16	89	486	239	8.13	0.29	0	4	false
16	90	475	240	6.81	4.01	0	4	false
16	91	496	233	6.81	1.19	0	4	false
16	92	474	250	7.09	3.34	0	4	false
16	93	497	214	7.08	3.9	0	4	false
16	94	460	205	7.19	2.6	0	4	false
16	95	492	203	8.52	1.92	0	4	false
16	96	472	216	7.05	-0.15	0	4	false
16	97	494	237	8.78	0.79	0	4	false
16	98	498	232	7.35	3.66	0	4	false
16	99	438	209	7.79	3.19	0	4	false
17	0	150	441	6.48	5.55	0	0	true
17	1	38	496	6.12	3.98	0	0	false
17	2	44	479	5.65	6.34	0	0	false
17	3	99	461	7.37	4.82	0	0	false
17	4	106	489	6.2	3.41	0	0	false
17	5	89	491	6.12	4.04	0	0	false
17	6	54	486	6.45	5.67	0	0	false
17	7	87	497	5.89	5.88	0	0	false
17	8	66	461	6.93	6.14	0	0	false
17	9	85	491	6.04	4.96	0	0	false
17	10	94	457	6.17	4.16	0	0	false
17	11	56	465	6.57	7.94	0	0	false
17	12	67	487	5.81	8.29	0	0	false
17	13	74	459	5.56	8.1	0	0	false
17	14	71	474	7.45	4.29	0	0	false
17	15	68	442	7.13	4.44	0	0	false
17	16	118	478	5.57	2.72	0	0	false
17	17	108	496	6.78	3.78	0	0	false
17	18	75	491	6.76	4.77	0	0	false
17	19	91	490	7.27	6.62	0	0	false
17	20	356	66	6.1	0.88	0	1	true
17	21	320	39	6.64	-1.78	0	1	false
17	22	282	32	6.19	-2	0	1	false
17	23	323	2	5.37	2.71	0	1	false
17	24	299	22	6	2.51	0	1	false
17	25	283	33	5.2	2.63	0	1	false
17	26	291	13	5.3	3.25	0	1	false
17	27	303	39	6.41	-2.01	0	1	false
17	28	307	48	6.41	0.03	0	1	false
17	29	319	14	5.4	3.38	0	1	false
17	30	284	23	5.63	1.46	0	1	false
17	31	268	5	6.4	1.55	0	1	false
17	32	291	5	5.36	-0.58	0	1	false
17	33	291	16	5.4	2.22	0	1	false
17	34	297	19	6.44	3.39	0	1	false
17	35	282	38	6.87	2.99	0	1	false
17	36	313	22	5.28	2.19	0	1	false
17	37	292	18	5.76	-2.1	0	1	false
17	38	290	18	6.1	1.75	0	1	false
17	39	307	31	5.38	2.71	0	1	false
17	40	378	69	5.39	2.52	0	2	true
17	41	431	51	5.74	3.11	0	2	false
17	42	444	33	5.64	0.76	0	2	false
17	43	436	32	5.41	2.34	0	2	false
17	44	456	5	5.89	2.5	0	2	false
17	45	465	11	4.66	4.95	0	2	false
17	46	446	15	5.63	3.53	0	2	false
17	47	455	8	5.53	3.44	0	2	false
17	48	437	23	5.2	1.18	0	2	false
17	49	475	4	5.32	4.96	0	2	false
17	50	434	45	6.08	1.03	0	2	false
17	51	476	24	5.06	4.08	0	2	false
17	52	451	22	5.36	4.11	0	2	false
17	53	454	46	4.66	0.25	0	2	false
17	54	448	25	5.05	1.71	0	2	false
17	55	435	34	6.07	5.1	0	2	false
17	56	458	23	5.01	0.85	0	2	false
17	57	441	4	6.08	2.28	0	2	false
17	58	485	22	5.39	3.71	0	2	false
17	59	434	8	5.81	-0.23	0	2	false
17	60	9	399	8.27	3.19	0	3	true
17	61	155	426	7.11	3.19	0	3	false
17	62	155	396	7.74	0.92	0	3	false
17	63	128	406	9.15	2.06	0	3	false
17	64	106	427	7.37	4.69	0	3	false
17	65	158	381	7.77	0.88	0	3	false
17	66	155	374	8.62	3.72	0	3	false
17	67	114	376	9.17	3.99	0	3	false
17	68	113	398	8.94	4.42	0	3	false
17	69	155	399	7.62	0.4	0	3	false
17	70	128	387	7.41	4.29	0	3	false
17	71	130	402	7.45	2.68	0	3	false
17	72	70	394	8.41	3.55	0	3	false
17	73	145	416	9.45	2.99	0	3	false
17	74	132	387	7.87	5.64	0	3	false
17	75	120	362	7.5	0.74	0	3	false
17	76	135	411	8.04	1.62	0	3	false
17	77	135	415	8.84	2.84	0	3	false
17	78	123	443	8.85	1.62	0	3	false
17	79	145	386	8.34	1.28	0	3	false
17	80	470	327	7.66	1.84	0	4	true
17	81	474	177	7.45	-0.9	0	4	false
17	82	496	213	8.06	2.73	0	4	false
17	83	488	230	8.05	-0.17	0	4	false
17	84	480	214	7.48	1.33	0	4	false
17	85	473	209	6.79	-0.7	0	4	false
17	86	491	215	7.44	4.18	0	4	false
17	87	466	273	8.61	-1.29	0	4	false
17	88	472	225	6.52	3.85	0	4	false
17	89	493	242	7.08	1.17	0	4	false
17	90	470	235	8.47	2.74	0	4	false
17	91	499	239	8.22	0.58	0	4	false
17	92	467	249	6.8	0.82	0	4	false
17	93	492	209	7.13	-0.92	0	4	false
17	94	454	209	7.11	-0.58	0	4	false
17	95	489	211	8.45	-0.54	0	4	false
17	96	479	215	8.71	1.56	0	4	false
17	97	498	243	7.91	3.32	0	4	false
17	98	492	228	8.59	4.35	0	4	false
17	99	430	208	8.15	3.22	0	4	false
18	0	155	436	6.48	5.55	0	0	true
18	1	34	492	7.08	4.01	0	0	false
18	2	50	480	6.97	7.52	0	0	false
18	3	100	454	6.32	3.95	0	0	false
18	4	100	487	5.8	3.99	0	0	false
18	5	85	486	7.18	3.02	0	0	false
18	6	59	482	6.02	5.03	0	0	false
18	7	93	494	5.9	3.46	0	0	false
18	8	72	461	7.31	4.19	0	0	false
18	9	86	485	6.65	5.95	0	0	false
18	10	90	452	5.85	4.14	0	0	false
18	11	55	472	7.37	8.42	0	0	false
18	12	64	492	5.56	2.92	0	0	false
18	13	73	464	6.29	8.37	0	0	false
18	14	68	468	5.53	3.25	0	0	false
18	15	67	435	5.62	-2.27	0	0	false
18	16	113	481	6.52	3.6	0	0	false
18	17	103	492	5.81	8.1	0	0	false
18	18	76	484	7.11	4.13	0	0	false
18	19	98	492	6.57	3.73	0	0	false
18	20	360	71	6.1	0.88	0	1	true
18	21	319	32	5.32	3.43	0	1	false
18	22	280	27	5.9	1.93	0	1	false
18	23	318	4	6.82	-0.05	0	1	false
18	24	294	26	5.83	2.7	0	1	false
18	25	278	36	5.88	2.75	0	1	false
18	26	286	12	5.7	-1.87	0	1	false
18	27	300	33	5.27	0.46	0	1	false
18	28	314	49	6.69	0.46	0	1	false
18	29	314	13	5.25	1.51	0	1	false
18	30	284	29	6.33	0.33	0	1	false
18	31	268	11	5.45	3.34	0	1	false
18	32	296	2	6.93	2.17	0	1	false
18	33	287	20	5.71	0.94	0	1	false
18	34	291	18	6.76	3.16	0	1	false
18	35	276	39	5.23	-0.29	0	1	false
18	36	310	27	5.89	-1.55	0	1	false
18	37	289	13	5.93	0.59	0	1	false
18	38	289	24	5.94	2.13	0	1	false
18	39	302	33	5.93	-0.48	0	1	false
18	40	374	72	5.39	2.52	0	2	true
18	41	425	51	4.75	0.24	0	2	false
18	42	448	37	5.68	4.97	0	2	false
18	43	432	36	4.68	3.03	0	2	false
18	44	451	9	4.62	1.02	0	2	false
18	45	466	7	5.96	0.34	0	2	false
18	46	441	13	5.36	4.01	0	2	false
18	47	449	7	5.95	4.5	0	2	false
18	48	439	28	5.64	1.38	0	2	false
18	49	476	0	6.1	1	0	2	false
18	50	437	50	5.34	5.54	0	2	false
18	51	473	19	5.42	2.74	0	2	false
18	52	447	17	6.09	4.52	0	2	false
18	53	459	47	5.77	1.68	0	2	false
18	54	448	30	5.02	5.42	0	2	false
18	55	437	28	5.53	0.69	0	2	false
18	56	461	27	5.96	1.5	0	2	false
18	57	437	9	5.79	1.15	0	2	false
18	58	481	19	5.31	5.06	0	2	false
18	59	440	7	5.65	1	0	2	false
18	60	1	399	8.27	3.19	0	3	true
18	61	148	426	9.38	1.22	0	3	false
18	62	160	402	9.29	5.28	0	3	false
18	63	124	414	7.24	5.16	0	3	false
18	64	105	419	7.16	3.67	0	3	false
18	65	163	387	7.26	5.17	0	3	false
18	66	148	369	7.2	1.07	0	3	false
18	67	108	369	9.46	2.31	0	3	false
18	68	110	389	9.26	1.37	0	3	false
18	69	162	402	8.56	2.63	0	3	false
18	70	125	380	8.33	5.3	0	3	false
18	71	123	405	9.11	1.44	0	3	false
18	72	62	391	7.7	5.68	0	3	false
18	73	136	418	7.92	1.18	0	3	false
18	74	138	382	8.52	3.24	0	3	false
18	75	126	367	7.43	4.94	0	3	false
18	76	135	419	9.22	5.47	0	3	false
18	77	126	417	9.44	5.47	0	3	false
18	78	123	451	7.44	4.07	0	3	false
18	79	147	394	7.77	1.18	0	3	false
18	80	468	334	7.66	1.84	0	4	true
18	81	478	171	8.21	0.11	0	4	false
18	82	489	216	6.64	1.69	0	4	false
18	83	496	229	8.35	2.52	0	4	false
18	84	482	221	6.6	2.17	0	4	false
18	85	479	205	7.62	1.17	0	4	false
18	86	487	208	8.48	0.35	0	4	false
18	87	469	265	6.81	1.8	0	4	false
18	88	467	221	7.37	1.56	0	4	false
18	89	496	248	6.8	-0.93	0	4	false
18	90	462	239	6.78	0.17	0	4	false
18	91	494	243	7.79	3.86	0	4	false
18	92	472	254	7.79	3.89	0	4	false
18	93	496	204	8.23	2.59	0	4	false
18	94	460	205	8.32	4.1	0	4	false
18	95	496	207	8.2	3.56	0	4	false
18	96	479	224	8.78	4.47	0	4	false
18	97	491	242	6.95	2.24	0	4	false
18	98	489	220	6.69	3.44	0	4	false
18	99	422	208	7.1	3.87	0	4	false
19	0	160	432	6.48	5.55	0	0	true
19	1	29	486	7.06	3.18	0	0	false
19	2	52	486	5.73	8.45	0	0	false
19	3	95	449	6.76	8.42	0	0	false
19	4	96	483	5.87	5.4	0	0	false
19	5	78	487	5.66	3.99	0	0	false
19	6	61	476	6.2	6.41	0	0	false
19	7	87	492	6.08	7.22	0	0	false
19	8	69	454	6.07	8.86	0	0	false
19	9	93	482	6.42	7.39	0	0	false
19	10	87	447	7.03	8.53	0	0	false
19	11	51	478	5.61	6.09	0	0	false
19	12	59	493	5.74	5.26	0	0	false
19	13	70	469	6.97	4.8	0	0	false
19	14	63	467	6.22	7.65	0	0	false
19	15	63	431	5.59	-0.64	0	0	false
19	16	107	478	6.58	2.76	0	0	false
19	17	102	498	5.58	7.31	0	0	false
19	18	72	478	7.32	7.31	0	0	false
19	19	93	489	6.16	5.14	0	0	false
19	20	364	75	6.1	0.88	0	1	true
19	21	314	31	6.62	-0.97	0	1	false
19	22	278	32	6.09	0.04	0	1	false
19	23	325	4	5.68	-1.09	0	1	false
19	24	289	28	6.13	-1.14	0	1	false
19	25	273	38	5.3	2.69	0	1	false
19	26	284	7	5.92	-1.04	0	1	false
19	27	305	35	6.53	-1.64	0	1	false
19	28	320	52	6.79	2.17	0	1	false
19	29	314	18	5.41	-0.22	0	1	false
19	30	290	31	5.37	2.39	0	1	false
19	31	263	10	6.14	-0.41	0	1	false
19	32	292	8	5.96	-0.01	0	1	false
19	33	291	24	6.82	0.89	0	1	false
19	34	284	18	6.95	1.47	0	1	false
19	35	281	38	6.94	-1.52	0	1	false
19	36	310	21	6.23	3.07	0	1	false
19	37	294	17	6.05	0.37	0	1	false
19	38	286	29	6.13	0.5	0	1	false
19	39	308	31	5.35	2.94	0	1	false
19	40	369	75	5.39	2.52	0	2	true
19	41	430	53	5.8	4.59	0	2	false
19	42	450	32	4.79	2.63	0	2	false
19	43	427	36	4.88	4.78	0	2	false
19	44	453	13	5.05	1.91	0	2	false
19	45	472	9	5	4.8	0	2	false
19	46	437	9	5.5	2.89	0	2	false
19	47	448	1	4.96	4.65	0	2	false
19	48	441	34	5.3	1.95	0	2	false
19	49	479	5	5.09	0.52	0	2	false
19	50	441	47	5.35	0.9	0	2	false
19	51	468	22	6.08	2.43	0	2	false
19	52	446	11	4.76	0.88	0	2	false
19	53	458	53	4.75	4.08	0	2	false
19	54	451	26	5.69	3.79	0	2	false
19	55	442	32	5.94	4.66	0	2	false
19	56	462	33	5.27	3.64	0	2	false
19	57	439	14	5.02	2.02	0	2	false
19	58	483	14	4.93	3.27	0	2	false
19	59	443	12	5.45	2.58	0	2	false
19	60	6	399	8.27	6.23	0	3	true
19	61	151	435	9.1	1.31	0	3	false
19	62	165	394	8.4	4.64	0	3	false
19	63	127	408	7.71	1.53	0	3	false
19	64	99	416	8.32	6.01	0	3	false
19	65	166	380	7.63	5.37	0	3	false
19	66	151	376	8.61	1.96	0	3	false
19	67	102	376	8.23	2.89	0	3	false
19	68	112	399	8.22	5.05	0	3	false
19	69	154	406	9.31	5.67	0	3	false
19	70	130	373	7.3	3.65	0	3	false
19	71	124	414	7.37	2.92	0	3	false
19	72	69	387	8.42	3.41	0	3	false
19	73	139	425	7.43	3.68	0	3	false
19	74	130	382	9.49	3.86	0	3	false
19	75	127	360	8.75	3.45	0	3	false
19	76	141	412	8.96	3.04	0	3	false
19	77	133	410	7.88	4.97	0	3	false
19	78	119	445	9.5	3.43	0	3	false
19	79	150	401	8.91	2.46	0	3	false
19	80	466	342	7.66	1.84	0	4	true
19	81	486	172	6.57	0.68	0	4	false
19	82	488	223	8.47	1.31	0	4	false
19	83	489	233	8.12	3.41	0	4	false
19	84	478	227	8.32	3.7	0	4	false
19	85	482	212	7.27	1.02	0	4	false
19	86	495	211	7.41	2.12	0	4	false
19	87	467	271	6.58	1.05	0	4	false
19	88	467	228	8.42	3.16	0	4	false
19	89	499	243	7.12	3.29	0	4	false
19	90	469	240	8.59	4.19	0	4	false
19	91	488	238	6.56	3.54	0	4	false
19	92	466	248	6.75	2.38	0	4	false
19	93	489	208	6.82	-0.2	0	4	false
19	94	455	198	8.68	2.5	0	4	false
19	95	489	204	7.44	0.51	0	4	false
19	96	477	215	6.56	3.29	0	4	false
19	97	486	247	8.59	1.83	0	4	false
19	98	482	218	8.7	2.76	0	4	false
19	99	417	203	6.69	2.61	0	4	false
20	0	165	428	6.48	5.55	0	0	true
20	1	22	486	6.42	3.34	0	0	false
20	2	49	491	5.65	4.01	0	0	false
20	3	92	455	6.39	4.96	0	0	false
20	4	100	479	6.49	3.83	0	0	false
20	5	74	482	7.45	7.69	0	0	false
20	6	67	477	7.1	7.58	0	0	false
20	7	91	497	5.76	3.02	0	0	false
20	8	64	457	5.85	3.25	0	0	false
20	9	95	488	6.83	3.29	0	0	false
20	10	83	452	6.78	6.74	0	0	false
20	11	57	477	5.83	6.4	0	0	false
20	12	62	488	6.13	5.88	0	0	false
20	13	71	462	6.74	3.31	0	0	false
20	14	64	473	7.27	4.65	0	0	false
20	15	67	427	7.25	0.77	0	0	false
20	16	101	480	6.18	5.59	0	0	false
20	17	104	496	5.98	3.36	0	0	false
20	18	76	484	7.19	6.53	0	0	false
20	19	95	483	6.15	3.77	0	0	false
20	20	368	80	6.1	0.88	0	1	true
20	21	317	25	5.45	-0.82	0	1	false
20	22	284	33	6.84	2.39	0	1	false
20	23	327	0	6.78	3.74	0	1	false
20	24	292	23	5.57	1.89	0	1	false
20	25	268	41	5.89	1.82	0	1	false
20	26	287	1	6.27	2.36	0	1	false
20	27	305	29	5.57	3.29	0	1	false
20	28	316	57	6.39	-1.38	0	1	false
20	29	319	17	5.92	0.2	0	1	false
20	30	286	35	5.93	2.16	0	1	false
20	31	268	8	6.47	0.51	0	1	false
20	32	298	8	6.61	3.19	0	1	false
20	33	295	30	5.19	-0.92	0	1	false
20	34	285	25	6.58	-0.06	0	1	false
20	35	281	31	6.88	0.31	0	1	false
20	36	304	21	6.08	2.44	0	1	false
20	37	299	19	6.02	-0.24	0	1	false
20	38	291	32	6.93	-0.61	0	1	false
20	39	302	32	6.16	-1.79	0	1	false
20	40	365	78	5.39	2.52	0	2	true
20	41	429	47	5.37	1.85	0	2	false
20	42	446	34	5.23	3.32	0	2	false
20	43	428	31	6.14	4.09	0	2	false
20	44	452	18	5.49	1.39	0	2	false
20	45	472	4	6.06	5.13	0	2	false
20	46	432	10	5.68	4.98	0	2	false
20	47	448	3	5.09	2.67	0	2	false
20	48	439	39	5.32	3.87	0	2	false
20	49	484	8	5.5	3.37	0	2	false
20	50	445	51	5.35	1.92	0	2	false
20	51	463	26	6.05	3.03	0	2	false
20	52	449	15	5.92	5.18	0	2	false
20	53	455	49	4.87	1.37	0	2	false
20	54	446	23	4.6	2.14	0	2	false
20	55	441	26	5.47	2.66	0	2	false
20	56	457	30	5.52	3.88	0	2	false
20	57	437	18	5.41	3.69	0	2	false
20	58	478	13	4.69	0.88	0	2	false
20	59	438	15	5.28	3.74	0	2	false
20	60	15	398	8.27	6.23	0	3	true
20	61	153	443	9.17	1.81	0	3	false
20	62	164	386	9.27	0.68	0	3	false
20	63	128	415	7.9	0.9	0	3	false
20	64	107	414	9.47	3.12	0	3	false
20	65	171	374	8.03	2.54	0	3	false
20	66	148	384	7.69	1.54	0	3	false
20	67	94	378	8.03	1.62	0	3	false
20	68	115	391	8.69	3.31	0	3	false
20	69	162	401	7.04	5.31	0	3	false
20	70	124	370	8.77	4.98	0	3	false
20	71	117	416	7.9	5.83	0	3	false
20	72	61	384	8.56	2.64	0	3	false
20	73	133	421	8.24	1.66	0	3	false
20	74	123	375	8.72	3.02	0	3	false
20	75	119	357	7.29	0.1	0	3	false
20	76	132	413	8.15	0.52	0	3	false
20	77	135	403	8.08	2.75	0	3	false
20	78	109	443	8.57	5.58	0	3	false
20	79	143	406	7.05	4.4	0	3	false
20	80	464	349	7.66	1.84	0	4	true
20	81	492	176	6.9	1.35	0	4	false
20	82	490	231	6.62	-0.51	0	4	false
20	83	481	231	7.82	-1.06	0	4	false
20	84	471	223	7.95	4.04	0	4	false
20	85	485	218	8.24	1.56	0	4	false
20	86	491	218	7.7	0.09	0	4	false
20	87	471	277	6.86	1.33	0	4	false
20	88	459	228	7.79	3.39	0	4	false
20	89	492	241	8.65	0.26	0	4	false
20	90	465	232	8.74	1.2	0	4	false
20	91	482	236	8.39	4.37	0	4	false
20	92	462	253	7.15	-0.1	0	4	false
20	93	496	206	6.89	1.18	0	4	false
20	94	448	204	6.77	2.14	0	4	false
20	95	495	207	6.53	-0.19	0	4	false
20	96	471	214	7.05	2.57	0	4	false
20	97	484	255	6.76	2.47	0	4	false
20	98	474	221	7.32	1.53	0	4	false
20	99	411	206	8.36	0.63	0	4	false
21	0	162	421	6.98	4.38	0	0	true
21	1	16	485	6.09	7.29	0	0	false
21	2	45	487	6.54	3.92	0	0	false
21	3	93	449	7.11	8.5	0	0	false
21	4	95	474	5.97	3.43	0	0	false
21	5	76	490	7.07	4.95	0	0	false
21	6	69	484	6.17	3.21	0	0	false
21	7	85	498	6.75	3.69	0	0	false
21	8	58	457	6.25	3.67	0	0	false
21	9	89	487	6.25	6.04	0	0	false
21	10	89	455	7.12	6.83	0	0	false
21	11	62	478	7.46	5.83	0	0	false
21	12	67	486	6.37	5.28	0	0	false
21	13	64	461	6.9	5.45	0	0	false
21	14	63	466	7.1	3.96	0	0	false
21	15	73	432	6.3	5.69	0	0	false
21	16	106	476	7.78	6.14	0	0	false
21	17	99	495	6.8	8.09	0	0	false
21	18	83	486	6.72	3.76	0	0	false
21	19	90	479	7.11	7.42	0	0	false
21	20	371	75	5.86	5.24	0	1	true
21	21	321	21	6.71	2.44	0	1	false
21	22	279	37	6.11	0.77	0	1	false
21	23	322	3	6.14	1.06	0	1	false
21	24	290	28	5.95	0.64	0	1	false
21	25	266	46	6.54	-2.29	0	1	false
21	26	282	6	5.95	0.38	0	1	false
21	27	299	28	5.46	1.36	0	1	false
21	28	317	51	6.63	1.79	0	1	false
21	29	325	18	6.47	0.49	0	1	false
21	30	283	40	6.02	-1.81	0	1	false
21	31	274	11	6.31	2.77	0	1	false
21	32	291	8	5.18	3.31	0	1	false
21	33	298	26	5.54	-0.66	0	1	false
21	34	291	24	6.59	1.68	0	1	false
21	35	287	33	5.67	-2.19	0	1	false
21	36	299	25	6.37	1.81	0	1	false
21	37	305	17	6.04	3.03	0	1	false
21	38	297	28	6.09	2.5	0	1	false
21	39	301	26	6.47	-1.19	0	1	false
21	40	365	70	7.69	4.7	0	2	true
21	41	428	52	7.29	1.24	0	2	false
21	42	441	33	8.36	0.61	0	2	false
21	43	424	26	7.89	4.66	0	2	false
21	44	453	23	7.25	3.56	0	2	false
21	45	475	1	6.65	3.38	0	2	false
21	46	434	5	7.88	2.29	0	2	false
21	47	443	6	8.19	2.75	0	2	false
21	48	435	35	8.35	1.88	0	2	false
21	49	478	7	7.19	4.84	0	2	false
21	50	443	56	7.69	0.48	0	2	false
21	51	457	26	8.58	1.76	0	2	false
21	52	452	10	7.54	4.19	0	2	false
21	53	456	54	7.09	1.32	0	2	false
21	54	444	26	8.05	3.75	0	2	false
21	55	436	28	7.48	1.58	0	2	false
21	56	453	27	8.06	2.32	0	2	false
21	57	433	16	7.13	-0.06	0	2	false
21	58	481	17	8.14	2.17	0	2	false
21	59	434	12	7.55	4.4	0	2	false
21	60	14	407	8.25	1.61	0	3	true
21	61	151	452	9.35	6.01	0	3	false
21	62	171	392	7.34	2.91	0	3	false
21	63	132	422	9.42	3.2	0	3	false
21	64	98	414	7.86	5.82	0	3	false
21	65	164	379	7.26	4.26	0	3	false
21	66	148	391	9.21	1.3	0	3	false
21	67	94	386	7.96	2.95	0	3	false
21	68	106	389	8.87	3.2	0	3	false
21	69	166	395	7.8	5.72	0	3	false
21	70	126	361	9.08	5.11	0	3	false
21	71	124	413	9.06	5.31	0	3	false
21	72	53	388	8.68	3.55	0	3	false
21	73	132	429	8.72	1.41	0	3	false
21	74	114	376	9.06	4.9	0	3	false
21	75	126	358	7.85	2.02	0	3	false
21	76	139	417	7.82	2.06	0	3	false
21	77	127	406	9.18	3.33	0	3	false
21	78	116	437	7.73	2.91	0	3	false
21	79	141	400	7.3	5.69	0	3	false
21	80	469	352	5.4	0.6	0	4	true
21	81	493	183	5.65	1.74	0	4	false
21	82	496	228	5.53	3.87	0	4	false
21	83	485	224	6.13	-0.31	0	4	false
21	84	466	216	5.17	3.1	0	4	false
21	85	485	226	5.08	4.14	0	4	false
21	86	499	218	4.7	-0.57	0	4	false
21	87	472	284	6.04	-0.65	0	4	false
21	88	451	226	5.3	1.11	0	4	false
21	89	499	244	5.41	1	0	4	false
21	90	468	240	4.82	-0.47	0	4	false
21	91	479	228	5.27	1.27	0	4	false
21	92	469	252	6.02	1.35	0	4	false
21	93	499	213	5.73	4.45	0	4	false
21	94	445	209	4.63	-0.49	0	4	false
21	95	497	206	5.82	4.22	0	4	false
21	96	465	218	6.11	3.47	0	4	false
21	97	479	260	4.76	1.67	0	4	false
21	98	475	229	5.54	4.43	0	4	false
21	99	418	211	4.84	1.04	0	4	false
