models=Pursue	selected=Random Walk	walkingtime=20	selected=random initializer	scale=1.0	params=0.0,1.0,	bias=0.0	distribution=jsc.distributions.Uniform	scale=1.0	params=0.0,1.0,	bias=0.0	distribution=jsc.distributions.Uniform	maxpausetime=10	minspeed=5	selected=squarereflect	height=500	width=500	maxspeed=10	selected=NullPowerAlgorithm	locationinitializer=random initializer	scale=1.0	params=0.0,1.0,	bias=0.0	distribution=jsc.distributions.Uniform	scale=1.0	params=0.0,1.0,	bias=0.0	distribution=jsc.distributions.Uniform	adr=0.45	maps=squarereflect	height=500	width=500	leadersmodeloffset=0.0,0.0,	sdr=0.15	pergrouprange=false	extratraces=true	groupsizes=1,1,1,1,1,1,1,	rangealgorithms=NullPowerAlgorithm	maxinitialdistance=0	filenamegenerator=simple	seed=outputtrace	numberiterate=true	defaultfilter=edu.sharif.ce.dml.common.data.trace.filter.DirectoryFilter	isinput=false	fileaddress=output	multiple=false	tracewriter=text	nodenumber=10	maxsimulationtime=1000
Time	Node	PositionX	PositionY	Speed	Direction Angle	Range	GroupNumber	Is Leader
1	0	487	455	7.72	1.57	0	0	true
1	1	206	401	8.06	4.87	0	1	true
1	2	290	266	6.83	1.92	0	2	true
1	3	328	275	5.86	3.8	0	3	true
1	4	25	104	8.11	0.07	0	4	true
1	5	10	426	9.97	6.02	0	5	true
1	6	182	16	8.84	1.96	0	6	true
1	7	191	3	10.12	1.99	0	6	false
1	8	190	1	8	1.44	0	6	false
1	9	190	16	8.36	5.3	0	6	false
2	0	487	463	7.72	1.57	0	0	true
2	1	207	393	8.06	4.87	0	1	true
2	2	288	273	6.83	1.92	0	2	true
2	3	323	271	5.86	3.8	0	3	true
2	4	33	105	8.11	0.07	0	4	true
2	5	20	424	9.97	6.02	0	5	true
2	6	179	24	8.84	1.96	0	6	true
2	7	187	12	8.15	4.08	0	6	false
2	8	191	9	8.84	3.51	0	6	false
2	9	194	9	10.01	2.56	0	6	false
3	0	487	471	7.72	1.57	0	0	true
3	1	208	385	8.06	4.87	0	1	true
3	2	285	279	6.83	1.92	0	2	true
3	3	318	268	5.86	3.8	0	3	true
3	4	41	105	8.11	0.07	0	4	true
3	5	29	421	9.97	6.02	0	5	true
3	6	175	33	8.84	1.96	0	6	true
3	7	182	6	9.29	-0.79	0	6	false
3	8	182	6	7.59	4.36	0	6	false
3	9	186	15	10.11	2.83	0	6	false
4	0	487	478	7.72	1.57	0	0	true
4	1	209	377	8.06	4.87	0	1	true
4	2	283	286	6.83	1.92	0	2	true
4	3	314	264	5.86	3.8	0	3	true
4	4	49	106	8.11	0.07	0	4	true
4	5	39	418	9.97	6.02	0	5	true
4	6	172	41	8.84	1.96	0	6	true
4	7	189	0	9.48	0.12	0	6	false
4	8	180	0	7.95	0.06	0	6	false
4	9	176	18	9.83	2.62	0	6	false
5	0	487	486	7.72	1.57	0	0	true
5	1	211	369	8.06	4.87	0	1	true
5	2	280	292	6.83	1.92	0	2	true
5	3	309	261	5.86	3.8	0	3	true
5	4	57	107	8.11	0.07	0	4	true
5	5	48	416	9.97	6.02	0	5	true
5	6	168	49	8.84	1.96	0	6	true
5	7	198	1	8.21	4.07	0	6	false
5	8	188	1	10.14	2.45	0	6	false
5	9	168	23	9.59	0.83	0	6	false
6	0	487	494	7.72	1.57	0	0	true
6	1	212	361	8.06	4.87	0	1	true
6	2	278	298	6.83	1.92	0	2	true
6	3	304	257	5.86	3.8	0	3	true
6	4	65	107	8.11	0.07	0	4	true
6	5	58	413	9.97	6.02	0	5	true
6	6	165	57	8.84	1.96	0	6	true
6	7	193	5	9.6	1.51	0	6	false
6	8	180	7	7.81	2.79	0	6	false
6	9	174	30	8.5	4.13	0	6	false
7	0	487	497	7.72	4.71	0	0	true
7	1	213	353	8.06	4.87	0	1	true
7	2	276	305	6.83	1.92	0	2	true
7	3	300	253	5.86	3.8	0	3	true
7	4	73	108	8.11	0.07	0	4	true
7	5	68	410	9.97	6.02	0	5	true
7	6	162	65	8.84	1.96	0	6	true
7	7	194	14	7.9	1.85	0	6	false
7	8	173	10	8.67	-0.56	0	6	false
7	9	170	23	9.31	0.85	0	6	false
8	0	487	490	7.72	4.71	0	0	true
8	1	215	345	8.06	4.87	0	1	true
8	2	273	311	6.83	1.92	0	2	true
8	3	295	250	5.86	3.8	0	3	true
8	4	81	108	8.11	0.07	0	4	true
8	5	77	408	9.97	6.02	0	5	true
8	6	158	73	8.84	1.96	0	6	true
8	7	192	22	9.37	2.97	0	6	false
8	8	180	5	9.11	0.99	0	6	false
8	9	176	30	8.34	1.81	0	6	false
9	0	487	482	7.72	4.71	0	0	true
9	1	216	337	8.06	4.87	0	1	true
9	2	271	318	6.83	1.92	0	2	true
9	3	291	246	5.86	3.8	0	3	true
9	4	89	109	8.11	0.07	0	4	true
9	5	87	405	9.97	6.02	0	5	true
9	6	155	82	8.84	1.96	0	6	true
9	7	182	23	7.58	0.93	0	6	false
9	8	185	13	7.72	4.18	0	6	false
9	9	174	38	8.78	0.14	0	6	false
10	0	487	474	7.72	4.71	0	0	true
10	1	217	329	8.06	4.87	0	1	true
10	2	269	324	6.83	1.92	0	2	true
10	3	286	243	5.86	3.8	0	3	true
10	4	97	109	8.11	0.07	0	4	true
10	5	97	402	9.97	6.02	0	5	true
10	6	151	90	8.84	1.96	0	6	true
10	7	187	29	7.85	4.64	0	6	false
10	8	181	6	8	0.83	0	6	false
10	9	182	39	7.99	0.34	0	6	false
11	0	487	466	7.72	4.71	0	0	true
11	1	219	321	8.06	4.87	0	1	true
11	2	266	330	6.83	1.92	0	2	true
11	3	281	239	5.86	3.8	0	3	true
11	4	105	110	8.11	0.07	0	4	true
11	5	106	400	9.97	6.02	0	5	true
11	6	148	98	8.84	1.96	0	6	true
11	7	186	22	9.39	2.83	0	6	false
11	8	186	12	9.32	-0.45	0	6	false
11	9	190	41	8.31	4.92	0	6	false
12	0	487	459	7.72	4.71	0	0	true
12	1	220	313	8.06	4.87	0	1	true
12	2	264	337	6.83	1.92	0	2	true
12	3	277	235	5.86	3.8	0	3	true
12	4	114	111	8.11	0.07	0	4	true
12	5	116	397	9.97	6.02	0	5	true
12	6	145	106	8.84	1.96	0	6	true
12	7	177	24	8.11	-0.84	0	6	false
12	8	195	8	8.69	0.06	0	6	false
12	9	192	33	8.15	4.83	0	6	false
13	0	487	451	7.72	4.71	0	0	true
13	1	221	305	8.06	4.87	0	1	true
13	2	262	343	6.83	1.92	0	2	true
13	3	272	232	5.86	3.8	0	3	true
13	4	122	111	8.11	0.07	0	4	true
13	5	125	394	9.97	6.02	0	5	true
13	6	141	114	8.84	1.96	0	6	true
13	7	183	18	9.23	0.61	0	6	false
13	8	203	9	9.08	0.71	0	6	false
13	9	193	25	8.46	3.58	0	6	false
14	0	487	443	7.72	4.71	0	0	true
14	1	222	297	8.06	4.87	0	1	true
14	2	259	350	6.83	1.92	0	2	true
14	3	267	228	5.86	3.8	0	3	true
14	4	130	112	8.11	0.07	0	4	true
14	5	135	392	9.97	6.02	0	5	true
14	6	138	122	8.84	1.96	0	6	true
14	7	190	24	7.51	0.23	0	6	false
14	8	210	15	9.89	3.57	0	6	false
14	9	185	22	8.17	0.53	0	6	false
15	0	487	436	7.72	4.71	0	0	true
15	1	224	289	8.06	4.87	0	1	true
15	2	257	356	6.83	1.92	0	2	true
15	3	263	225	5.86	3.8	0	3	true
15	4	138	112	8.11	0.07	0	4	true
15	5	145	389	9.97	6.02	0	5	true
15	6	134	131	8.84	1.96	0	6	true
15	7	198	25	9.34	0.28	0	6	false
15	8	201	10	7.84	1.44	0	6	false
15	9	192	26	9.54	3.58	0	6	false
16	0	487	428	7.72	4.71	0	0	true
16	1	225	281	8.06	4.87	0	1	true
16	2	254	362	6.83	1.92	0	2	true
16	3	258	221	5.86	3.8	0	3	true
16	4	146	113	8.11	0.07	0	4	true
16	5	154	387	9.97	6.02	0	5	true
16	6	131	139	8.84	1.96	0	6	true
16	7	207	28	9.01	4.07	0	6	false
16	8	202	18	8.29	2.33	0	6	false
16	9	183	22	7.63	0.66	0	6	false
17	0	487	420	7.72	4.71	0	0	true
17	1	226	273	8.06	4.87	0	1	true
17	2	252	369	6.83	1.92	0	2	true
17	3	254	217	5.86	3.8	0	3	true
17	4	154	114	8.11	0.07	0	4	true
17	5	164	384	9.97	6.02	0	5	true
17	6	128	147	8.84	1.96	0	6	true
17	7	201	21	8.3	4.78	0	6	false
17	8	197	24	8.49	4.06	0	6	false
17	9	189	26	7.59	0.49	0	6	false
18	0	487	412	7.72	4.71	0	0	true
18	1	228	265	8.06	4.87	0	1	true
18	2	250	375	6.83	1.92	0	2	true
18	3	249	214	5.86	3.8	0	3	true
18	4	162	114	8.11	0.07	0	4	true
18	5	173	381	9.97	6.02	0	5	true
18	6	124	155	8.84	1.96	0	6	true
18	7	202	13	7.68	0.34	0	6	false
18	8	191	17	8.31	3.88	0	6	false
18	9	196	30	8.49	3.83	0	6	false
19	0	487	405	7.72	4.71	0	0	true
19	1	229	258	8.06	4.87	0	1	true
19	2	247	382	6.83	1.92	0	2	true
19	3	244	210	5.86	3.8	0	3	true
19	4	170	115	8.11	0.07	0	4	true
19	5	183	379	9.97	6.02	0	5	true
19	6	121	163	8.84	1.96	0	6	true
19	7	209	15	8.04	3.88	0	6	false
19	8	185	12	8.54	1.96	0	6	false
19	9	190	25	9.48	0.72	0	6	false
20	0	487	397	7.72	4.71	0	0	true
20	1	230	250	8.06	4.87	0	1	true
20	2	245	388	6.83	1.92	0	2	true
20	3	240	207	5.86	3.8	0	3	true
20	4	178	115	8.11	0.07	0	4	true
20	5	193	376	9.97	6.02	0	5	true
20	6	118	171	8.84	1.96	0	6	true
20	7	203	10	8.09	3.34	0	6	false
20	8	182	20	9.94	4.22	0	6	false
20	9	197	31	7.96	3.09	0	6	false
21	0	492	402	6.65	0.81	0	0	true
21	1	237	245	7.88	5.69	0	1	true
21	2	238	385	7.5	3.58	0	2	true
21	3	243	214	7.97	1.2	0	3	true
21	4	182	122	8.21	1.08	0	4	true
21	5	192	383	7.24	1.67	0	5	true
21	6	120	166	5.92	5.09	0	6	true
21	7	195	8	5.42	3.21	0	6	false
21	8	177	11	5.46	4.6	0	6	false
21	9	189	31	6.3	3.2	0	6	false
22	0	496	407	6.65	0.81	0	0	true
22	1	243	241	7.88	5.69	0	1	true
22	2	231	382	7.5	3.58	0	2	true
22	3	246	221	7.97	1.2	0	3	true
22	4	186	130	8.21	1.08	0	4	true
22	5	191	390	7.24	1.67	0	5	true
22	6	122	160	5.92	5.09	0	6	true
22	7	190	8	6.26	0.1	0	6	false
22	8	177	6	5.44	3.34	0	6	false
22	9	183	31	5.83	0.89	0	6	false
23	0	498	412	6.65	2.33	0	0	true
23	1	250	236	7.88	5.69	0	1	true
23	2	225	379	7.5	3.58	0	2	true
23	3	248	229	7.97	1.2	0	3	true
23	4	190	137	8.21	1.08	0	4	true
23	5	191	398	7.24	1.67	0	5	true
23	6	124	155	5.92	5.09	0	6	true
23	7	196	8	6.07	2.43	0	6	false
23	8	171	5	6.64	-0.93	0	6	false
23	9	186	35	6.74	1.74	0	6	false
24	0	494	416	6.65	2.33	0	0	true
24	1	256	232	7.88	5.69	0	1	true
24	2	218	375	7.5	3.58	0	2	true
24	3	251	236	7.97	1.2	0	3	true
24	4	194	144	8.21	1.08	0	4	true
24	5	190	405	7.24	1.67	0	5	true
24	6	126	149	5.92	5.09	0	6	true
24	7	192	12	5.57	-0.4	0	6	false
24	8	175	0	5.47	2.78	0	6	false
24	9	185	42	6.05	0.32	0	6	false
25	0	489	421	6.65	2.33	0	0	true
25	1	263	227	7.88	5.69	0	1	true
25	2	211	372	7.5	3.58	0	2	true
25	3	254	244	7.97	1.2	0	3	true
25	4	198	151	8.21	1.08	0	4	true
25	5	189	412	7.24	1.67	0	5	true
25	6	128	144	5.92	5.09	0	6	true
25	7	197	10	5.64	2.6	0	6	false
25	8	170	2	5.79	2.66	0	6	false
25	9	191	44	6.34	-0.53	0	6	false
26	0	484	426	6.65	2.33	0	0	true
26	1	269	223	7.88	5.69	0	1	true
26	2	204	369	7.5	3.58	0	2	true
26	3	257	251	7.97	1.2	0	3	true
26	4	202	159	8.21	1.08	0	4	true
26	5	188	419	7.24	1.67	0	5	true
26	6	131	138	5.92	5.09	0	6	true
26	7	192	13	5.59	3.81	0	6	false
26	8	165	4	5.33	3.46	0	6	false
26	9	196	41	5.53	2.3	0	6	false
27	0	480	431	6.65	2.33	0	0	true
27	1	276	218	7.88	5.69	0	1	true
27	2	197	366	7.5	3.58	0	2	true
27	3	260	258	7.97	1.2	0	3	true
27	4	205	166	8.21	1.08	0	4	true
27	5	188	426	7.24	1.67	0	5	true
27	6	133	133	5.92	5.09	0	6	true
27	7	187	10	5.13	0.56	0	6	false
27	8	160	3	5.88	3.32	0	6	false
27	9	193	45	6.34	3.04	0	6	false
28	0	475	436	6.65	2.33	0	0	true
28	1	282	214	7.88	5.69	0	1	true
28	2	191	363	7.5	3.58	0	2	true
28	3	263	266	7.97	1.2	0	3	true
28	4	209	173	8.21	1.08	0	4	true
28	5	187	434	7.24	1.67	0	5	true
28	6	135	127	5.92	5.09	0	6	true
28	7	192	12	5.17	1.66	0	6	false
28	8	154	2	5.36	0.6	0	6	false
28	9	186	45	5.14	1.67	0	6	false
29	0	471	441	6.65	2.33	0	0	true
29	1	289	210	7.88	5.69	0	1	true
29	2	184	359	7.5	3.58	0	2	true
29	3	266	273	7.97	1.2	0	3	true
29	4	213	180	8.21	1.08	0	4	true
29	5	186	441	7.24	1.67	0	5	true
29	6	137	122	5.92	5.09	0	6	true
29	7	191	17	6.67	0.73	0	6	false
29	8	159	5	6.1	0.33	0	6	false
29	9	186	51	5.84	4.02	0	6	false
30	0	466	445	6.65	2.33	0	0	true
30	1	295	205	7.88	5.69	0	1	true
30	2	177	356	7.5	3.58	0	2	true
30	3	269	281	7.97	1.2	0	3	true
30	4	217	188	8.21	1.08	0	4	true
30	5	186	448	7.24	1.67	0	5	true
30	6	139	116	5.92	5.09	0	6	true
30	7	196	22	6.71	0.7	0	6	false
30	8	165	7	6.13	-0.26	0	6	false
30	9	182	46	6.09	4.43	0	6	false
31	0	462	450	6.65	2.33	0	0	true
31	1	302	201	7.88	5.69	0	1	true
31	2	170	353	7.5	3.58	0	2	true
31	3	272	288	7.97	1.2	0	3	true
31	4	221	195	8.21	1.08	0	4	true
31	5	185	455	7.24	1.67	0	5	true
31	6	141	111	5.92	5.09	0	6	true
31	7	201	26	5.64	0.01	0	6	false
31	8	170	5	5.81	0.31	0	6	false
31	9	180	40	6.7	0.21	0	6	false
32	0	457	455	6.65	2.33	0	0	true
32	1	308	196	7.88	5.69	0	1	true
32	2	163	350	7.5	3.58	0	2	true
32	3	275	296	7.97	1.2	0	3	true
32	4	225	202	8.21	1.08	0	4	true
32	5	184	462	7.24	1.67	0	5	true
32	6	144	105	5.92	5.09	0	6	true
32	7	207	26	6.59	1.84	0	6	false
32	8	176	7	6.41	2.68	0	6	false
32	9	187	42	5.95	2.61	0	6	false
33	0	452	460	6.65	2.33	0	0	true
33	1	315	192	7.88	5.69	0	1	true
33	2	157	347	7.5	3.58	0	2	true
33	3	278	303	7.97	1.2	0	3	true
33	4	229	209	8.21	1.08	0	4	true
33	5	184	470	7.24	1.67	0	5	true
33	6	146	100	5.92	5.09	0	6	true
33	7	205	33	5.58	3.36	0	6	false
33	8	170	10	6.46	1.18	0	6	false
33	9	182	45	6.37	3.34	0	6	false
34	0	448	465	6.65	2.33	0	0	true
34	1	321	187	7.88	5.69	0	1	true
34	2	150	344	7.5	3.58	0	2	true
34	3	281	310	7.97	1.2	0	3	true
34	4	233	217	8.21	1.08	0	4	true
34	5	183	477	7.24	1.67	0	5	true
34	6	148	94	5.92	5.09	0	6	true
34	7	200	31	5.37	3.17	0	6	false
34	8	173	16	5.78	-0.13	0	6	false
34	9	176	43	6.31	2.95	0	6	false
35	0	443	470	6.65	2.33	0	0	true
35	1	328	183	7.88	5.69	0	1	true
35	2	143	340	7.5	3.58	0	2	true
35	3	283	318	7.97	1.2	0	3	true
35	4	237	224	8.21	1.08	0	4	true
35	5	182	484	7.24	1.67	0	5	true
35	6	150	89	5.92	5.09	0	6	true
35	7	194	31	5.91	-0.43	0	6	false
35	8	178	15	6.29	3.9	0	6	false
35	9	169	45	5.83	2.21	0	6	false
36	0	439	474	6.65	2.33	0	0	true
36	1	334	179	7.88	5.69	0	1	true
36	2	136	337	7.5	3.58	0	2	true
36	3	286	325	7.97	1.2	0	3	true
36	4	240	231	8.21	1.08	0	4	true
36	5	181	491	7.24	1.67	0	5	true
36	6	152	83	5.92	5.09	0	6	true
36	7	200	29	5.3	2	0	6	false
36	8	174	11	6.01	0.36	0	6	false
36	9	166	49	6.07	1.81	0	6	false
37	0	434	479	6.65	2.33	0	0	true
37	1	341	174	7.88	5.69	0	1	true
37	2	129	334	7.5	3.58	0	2	true
37	3	289	333	7.97	1.2	0	3	true
37	4	244	238	8.21	1.08	0	4	true
37	5	181	499	7.24	1.67	0	5	true
37	6	154	78	5.92	5.09	0	6	true
37	7	198	34	6.7	3.38	0	6	false
37	8	180	13	6.78	3.59	0	6	false
37	9	164	55	5.86	3.38	0	6	false
38	0	430	484	6.65	2.33	0	0	true
38	1	347	170	7.88	5.69	0	1	true
38	2	123	331	7.5	3.58	0	2	true
38	3	292	340	7.97	1.2	0	3	true
38	4	248	245	8.21	1.08	0	4	true
38	5	180	493	7.24	4.62	0	5	true
38	6	157	72	5.92	5.09	0	6	true
38	7	191	32	6.25	1.16	0	6	false
38	8	173	10	5.47	3.29	0	6	false
38	9	159	54	6.5	-0.66	0	6	false
39	0	425	489	6.65	2.33	0	0	true
39	1	354	165	7.88	5.69	0	1	true
39	2	116	328	7.5	3.58	0	2	true
39	3	295	348	7.97	1.2	0	3	true
39	4	252	253	8.21	1.08	0	4	true
39	5	179	486	7.24	4.62	0	5	true
39	6	159	67	5.92	5.09	0	6	true
39	7	194	38	6.76	2.38	0	6	false
39	8	168	9	6.48	-0.81	0	6	false
39	9	164	50	5.93	4.08	0	6	false
40	0	420	494	6.65	2.33	0	0	true
40	1	361	161	7.88	5.69	0	1	true
40	2	109	325	7.5	3.58	0	2	true
40	3	298	355	7.97	1.2	0	3	true
40	4	256	260	8.21	1.08	0	4	true
40	5	179	479	7.24	4.62	0	5	true
40	6	161	61	5.92	5.09	0	6	true
40	7	189	42	5.5	1.93	0	6	false
40	8	172	4	6.51	0.49	0	6	false
40	9	160	45	6.06	4.17	0	6	false
41	0	412	496	8.3	2.91	0	0	true
41	1	362	153	7.58	4.87	0	1	true
41	2	108	315	9.84	4.64	0	2	true
41	3	292	359	7.4	2.53	0	3	true
41	4	250	254	8.47	3.98	0	4	true
41	5	173	480	5.51	2.91	0	5	true
41	6	169	61	8.47	6.28	0	6	true
41	7	187	48	7.31	1.69	0	6	false
41	8	178	7	8.9	4	0	6	false
41	9	157	40	9.58	-0.24	0	6	false
42	0	404	498	8.3	2.91	0	0	true
42	1	363	146	7.58	4.87	0	1	true
42	2	108	305	9.84	4.64	0	2	true
42	3	286	364	7.4	2.53	0	3	true
42	4	245	247	8.47	3.98	0	4	true
42	5	168	481	5.51	2.91	0	5	true
42	6	178	61	8.47	6.28	0	6	true
42	7	186	55	9.24	3.52	0	6	false
42	8	172	1	9.69	-1.2	0	6	false
42	9	166	37	9.44	3.41	0	6	false
43	0	396	499	8.3	3.37	0	0	true
43	1	364	138	7.58	4.87	0	1	true
43	2	107	295	9.84	4.64	0	2	true
43	3	280	368	7.4	2.53	0	3	true
43	4	239	241	8.47	3.98	0	4	true
43	5	163	483	5.51	2.91	0	5	true
43	6	186	61	8.47	6.28	0	6	true
43	7	177	51	9.49	1	0	6	false
43	8	176	7	8.35	3.17	0	6	false
43	9	157	35	7.83	1.92	0	6	false
44	0	388	498	8.3	3.37	0	0	true
44	1	365	131	7.58	4.87	0	1	true
44	2	106	285	9.84	4.64	0	2	true
44	3	274	372	7.4	2.53	0	3	true
44	4	233	235	8.47	3.98	0	4	true
44	5	157	484	5.51	2.91	0	5	true
44	6	195	61	8.47	6.28	0	6	true
44	7	182	59	8.14	2.91	0	6	false
44	8	168	7	7.26	-0.15	0	6	false
44	9	155	42	7.42	0.06	0	6	false
45	0	380	496	8.3	3.37	0	0	true
45	1	367	123	7.58	4.87	0	1	true
45	2	106	275	9.84	4.64	0	2	true
45	3	268	376	7.4	2.53	0	3	true
45	4	228	228	8.47	3.98	0	4	true
45	5	152	485	5.51	2.91	0	5	true
45	6	203	61	8.47	6.28	0	6	true
45	7	175	61	8.31	7.69	0	6	false
45	8	175	6	8.56	-1.21	0	6	false
45	9	162	43	9.36	0.36	0	6	false
46	0	372	494	8.3	3.37	0	0	true
46	1	368	116	7.58	4.87	0	1	true
46	2	105	266	9.84	4.64	0	2	true
46	3	262	381	7.4	2.53	0	3	true
46	4	222	222	8.47	3.98	0	4	true
46	5	146	486	5.51	2.91	0	5	true
46	6	212	61	8.47	6.28	0	6	true
46	7	176	69	8.1	8.23	0	6	false
46	8	178	1	8.92	0.66	0	6	false
46	9	171	46	7.65	2.54	0	6	false
47	0	364	492	8.3	3.37	0	0	true
47	1	369	108	7.58	4.87	0	1	true
47	2	104	256	9.84	4.64	0	2	true
47	3	256	385	7.4	2.53	0	3	true
47	4	216	216	8.47	3.98	0	4	true
47	5	141	488	5.51	2.91	0	5	true
47	6	220	61	8.47	6.28	0	6	true
47	7	173	77	8.08	6.32	0	6	false
47	8	185	6	7.66	-0.24	0	6	false
47	9	165	50	9.02	-0.84	0	6	false
48	0	356	490	8.3	3.37	0	0	true
48	1	370	101	7.58	4.87	0	1	true
48	2	103	246	9.84	4.64	0	2	true
48	3	250	389	7.4	2.53	0	3	true
48	4	211	209	8.47	3.98	0	4	true
48	5	136	489	5.51	2.91	0	5	true
48	6	229	61	8.47	6.28	0	6	true
48	7	181	77	9.05	4.93	0	6	false
48	8	192	4	8.58	0.2	0	6	false
48	9	171	44	8.1	-0.61	0	6	false
