models=Pursue	selected=Random Walk	walkingtime=20	selected=random initializer	scale=1.0	params=0.0,1.0,	bias=0.0	distribution=jsc.distributions.Uniform	scale=1.0	params=0.0,1.0,	bias=0.0	distribution=jsc.distributions.Uniform	maxpausetime=10	minspeed=5	selected=squarereflect	height=500	width=500	maxspeed=10	selected=NullPowerAlgorithm	locationinitializer=Null	adr=0.45	maps=squarereflect	height=500	width=500	leadersmodeloffset=0.0,0.0,	sdr=0.15	pergrouprange=false	extratraces=true	groupsizes=20,20,20,20,20,	rangealgorithms=NullPowerAlgorithm	maxinitialdistance=0	filenamegenerator=simple	seed=outputtrace	numberiterate=true	defaultfilter=edu.sharif.ce.dml.common.data.trace.filter.DirectoryFilter	isinput=false	fileaddress=output	multiple=false	tracewriter=text	nodenumber=100	maxsimulationtime=1000
Time	Node	PositionX	PositionY	Speed	Direction Angle	Range	GroupNumber	Is Leader
1	0	320	251	7.46	6.17	0	0	true
1	1	316	244	8.32	-1.18	0	0	false
1	2	309	258	6.94	6.77	0	0	false
1	3	313	245	6.52	3.44	0	0	false
1	4	311	259	8.09	8.07	0	0	false
1	5	312	245	7.22	2.4	0	0	false
1	6	307	257	6.43	4.4	0	0	false
1	7	320	255	7.39	7.11	0	0	false
1	8	311	245	7.38	-0.17	0	0	false
1	9	310	260	6.89	4.21	0	0	false
1	10	310	245	7.57	-1.31	0	0	false
1	11	318	256	7.02	3.04	0	0	false
1	12	317	256	7.97	7.99	0	0	false
1	13	311	245	8.17	2.89	0	0	false
1	14	307	247	7.14	-1.28	0	0	false
1	15	310	245	6.93	-1.03	0	0	false
1	16	319	249	8.01	0.98	0	0	false
1	17	312	259	7.89	3.42	0	0	false
1	18	314	245	6.46	-0.11	0	0	false
1	19	309	246	7.38	3.11	0	0	false
1	20	173	95	9.06	3.63	0	1	true
1	21	190	98	8.09	5.46	0	1	false
1	22	177	109	8.14	5.09	0	1	false
1	23	180	108	9.37	6.53	0	1	false
1	24	180	109	10.38	4.4	0	1	false
1	25	180	92	7.95	1.32	0	1	false
1	26	185	93	8.78	0.8	0	1	false
1	27	184	90	9.91	2.28	0	1	false
1	28	183	92	10.2	1.55	0	1	false
1	29	188	105	9.88	2.76	0	1	false
1	30	189	101	10.06	5.61	0	1	false
1	31	171	97	8.84	7.83	0	1	false
1	32	188	104	9.35	1.81	0	1	false
1	33	178	91	9.57	2.67	0	1	false
1	34	174	93	8.71	0.71	0	1	false
1	35	190	101	10.22	4.73	0	1	false
1	36	180	108	8.54	5.28	0	1	false
1	37	189	100	9.83	2.39	0	1	false
1	38	177	92	9.55	3.47	0	1	false
1	39	191	97	8.44	1.81	0	1	false
1	40	110	471	9.95	0.53	0	2	true
1	41	98	475	11.15	4.64	0	2	false
1	42	99	457	9.09	-1.4	0	2	false
1	43	93	461	9.31	1.07	0	2	false
1	44	107	473	9.9	7.04	0	2	false
1	45	97	456	9.43	2.59	0	2	false
1	46	93	460	10.6	0.39	0	2	false
1	47	95	474	9.08	4.18	0	2	false
1	48	109	469	11.31	0.46	0	2	false
1	49	96	459	10.78	-1.62	0	2	false
1	50	111	466	9.32	4.42	0	2	false
1	51	97	475	9.91	7.23	0	2	false
1	52	106	475	9.58	7.08	0	2	false
1	53	109	458	9.91	-1.21	0	2	false
1	54	110	471	9.37	5.64	0	2	false
1	55	112	466	9.7	-0.28	0	2	false
1	56	107	476	10.21	5.05	0	2	false
1	57	111	465	11.31	-0.25	0	2	false
1	58	94	459	11.05	1.01	0	2	false
1	59	96	475	10.18	7.07	0	2	false
1	60	339	277	7.17	3.71	0	3	true
1	61	352	283	7.21	1.12	0	3	false
1	62	348	274	7.89	0.18	0	3	false
1	63	352	284	7.69	5.31	0	3	false
1	64	351	275	7.89	2.92	0	3	false
1	65	351	284	6.9	4.02	0	3	false
1	66	351	284	7.74	3.6	0	3	false
1	67	342	275	7.63	4.32	0	3	false
1	68	350	277	7.22	4.23	0	3	false
1	69	352	279	8.11	3.5	0	3	false
1	70	351	283	8.03	4.14	0	3	false
1	71	351	277	6.29	1.71	0	3	false
1	72	342	287	7.1	4.66	0	3	false
1	73	343	288	6.98	4.65	0	3	false
1	74	353	279	6.19	2.53	0	3	false
1	75	339	286	7.19	4.81	0	3	false
1	76	348	275	6.45	5.27	0	3	false
1	77	351	282	6.41	4.4	0	3	false
1	78	344	287	6.66	1.53	0	3	false
1	79	352	280	7.41	1.34	0	3	false
1	80	285	140	7.77	1.34	0	4	true
1	81	285	141	7.19	1.68	0	4	false
1	82	290	129	7.79	3.56	0	4	false
1	83	280	125	8.14	0.98	0	4	false
1	84	284	126	8.31	2.82	0	4	false
1	85	287	126	8.33	-0.81	0	4	false
1	86	285	139	6.93	4.44	0	4	false
1	87	289	137	7.7	3.92	0	4	false
1	88	282	139	6.98	0.32	0	4	false
1	89	290	130	7.64	1.11	0	4	false
1	90	277	127	7.1	1.82	0	4	false
1	91	276	128	6.87	0.02	0	4	false
1	92	281	141	6.96	3.89	0	4	false
1	93	282	124	8.62	-1.34	0	4	false
1	94	290	135	7.09	4.87	0	4	false
1	95	290	133	7.84	0.87	0	4	false
1	96	290	136	7.18	2.68	0	4	false
1	97	292	132	8.35	1.66	0	4	false
1	98	278	139	8.31	0.89	0	4	false
1	99	286	125	6.69	3.84	0	4	false
2	0	327	250	7.46	6.17	0	0	true
2	1	319	237	7.37	2.95	0	0	false
2	2	315	261	7.54	5.02	0	0	false
2	3	307	243	7.37	-2.1	0	0	false
2	4	309	267	6.63	2.79	0	0	false
2	5	307	250	8.34	-2.12	0	0	false
2	6	305	251	6.98	5.35	0	0	false
2	7	325	261	8.21	6.42	0	0	false
2	8	318	244	6.99	-1.34	0	0	false
2	9	307	254	7.04	6.59	0	0	false
2	10	312	237	6.96	1.65	0	0	false
2	11	311	257	8.36	6.13	0	0	false
2	12	316	264	6.41	6.04	0	0	false
2	13	303	247	7.55	0.92	0	0	false
2	14	309	240	6.67	0.35	0	0	false
2	15	313	239	8.36	1.51	0	0	false
2	16	324	256	7.72	6.45	0	0	false
2	17	304	256	6.91	5.51	0	0	false
2	18	321	245	7.07	-0.98	0	0	false
2	19	301	246	7.97	0.81	0	0	false
2	20	165	91	9.06	3.63	0	1	true
2	21	195	92	9.56	1.7	0	1	false
2	22	180	102	10	1.1	0	1	false
2	23	189	110	9.28	3.4	0	1	false
2	24	177	99	8.16	4.26	0	1	false
2	25	182	99	8.11	4.71	0	1	false
2	26	191	99	8.26	4.1	0	1	false
2	27	178	98	9.47	6.15	0	1	false
2	28	183	102	10.4	3.17	0	1	false
2	29	179	109	8.25	5.3	0	1	false
2	30	197	95	8.38	2.37	0	1	false
2	31	172	105	10.08	2.28	0	1	false
2	32	186	114	7.73	6.5	0	1	false
2	33	169	96	8.95	3.94	0	1	false
2	34	181	99	10.29	6.08	0	1	false
2	35	190	91	8.01	5.07	0	1	false
2	36	184	100	8.03	6.19	0	1	false
2	37	182	107	8.56	5.87	0	1	false
2	38	168	89	9.19	1.7	0	1	false
2	39	189	105	8.9	5.14	0	1	false
2	40	119	476	9.95	0.53	0	2	true
2	41	97	464	10.67	-1.47	0	2	false
2	42	101	448	9.91	-0.68	0	2	false
2	43	97	469	9.12	-0.2	0	2	false
2	44	114	480	10.25	4.89	0	2	false
2	45	88	461	9.81	3.03	0	2	false
2	46	102	464	10.82	0.43	0	2	false
2	47	91	466	10.08	-0.72	0	2	false
2	48	120	474	10.36	4.29	0	2	false
2	49	96	448	11.37	3.23	0	2	false
2	50	108	457	9.1	-0.51	0	2	false
2	51	103	483	10.59	6.62	0	2	false
2	52	112	482	8.9	5.57	0	2	false
2	53	112	449	10.06	-0.35	0	2	false
2	54	117	465	10.66	-0.54	0	2	false
2	55	122	463	10.79	1.63	0	2	false
2	56	110	466	9.59	0.8	0	2	false
2	57	122	462	10.91	0.4	0	2	false
2	58	99	468	10.57	2.4	0	2	false
2	59	104	482	11.26	8.45	0	2	false
2	60	333	273	7.17	3.71	0	3	true
2	61	356	290	6.13	1.16	0	3	false
2	62	356	275	7.81	2.46	0	3	false
2	63	356	278	6.85	1.11	0	3	false
2	64	343	276	7.56	3.07	0	3	false
2	65	347	278	7.62	1.3	0	3	false
2	66	344	281	6.26	4.42	0	3	false
2	67	339	268	7.02	1.45	0	3	false
2	68	347	271	6.91	4.7	0	3	false
2	69	345	276	6.51	5.54	0	3	false
2	70	347	277	7.31	1.59	0	3	false
2	71	350	284	6.66	5.88	0	3	false
2	72	342	280	7.2	4.47	0	3	false
2	73	343	281	6.51	5.24	0	3	false
2	74	348	283	7.53	2.99	0	3	false
2	75	339	278	6.96	4.39	0	3	false
2	76	351	269	6.71	4.71	0	3	false
2	77	349	276	6.32	1.14	0	3	false
2	78	345	294	8.08	1.42	0	3	false
2	79	354	287	6.8	5.99	0	3	false
2	80	286	147	7.77	1.34	0	4	true
2	81	285	148	7.47	5.92	0	4	false
2	82	283	126	6.91	3.58	0	4	false
2	83	284	131	8.23	-1.21	0	4	false
2	84	276	128	6.71	-0.33	0	4	false
2	85	293	120	8.85	4.39	0	4	false
2	86	283	132	8.23	-0.79	0	4	false
2	87	284	132	7.65	-1.19	0	4	false
2	88	288	142	7.14	0.47	0	4	false
2	89	294	137	8.51	3.57	0	4	false
2	90	276	133	7.33	-0.89	0	4	false
2	91	283	128	6.87	-0.54	0	4	false
2	92	275	136	8.49	-0.89	0	4	false
2	93	284	116	8.52	-0.44	0	4	false
2	94	291	128	6.62	3.2	0	4	false
2	95	295	139	6.68	2.69	0	4	false
2	96	283	139	7.15	-1.43	0	4	false
2	97	291	140	8.25	2.29	0	4	false
2	98	283	145	7.03	0.13	0	4	false
2	99	281	121	8.54	3.31	0	4	false
3	0	335	249	7.46	6.17	0	0	true
3	1	312	238	7.68	-0.38	0	0	false
3	2	317	254	8.35	3.91	0	0	false
3	3	303	237	6.64	-1.73	0	0	false
3	4	303	269	7.05	7.72	0	0	false
3	5	302	243	7.32	1.01	0	0	false
3	6	309	245	7.43	2.84	0	0	false
3	7	333	262	8.35	6.53	0	0	false
3	8	320	237	8.04	-0.35	0	0	false
3	9	314	256	7.67	3.99	0	0	false
3	10	312	244	7.5	-0.96	0	0	false
3	11	319	256	7.79	4.53	0	0	false
3	12	322	263	8.15	7.6	0	0	false
3	13	308	253	6.48	6.07	0	0	false
3	14	316	242	7.89	2.83	0	0	false
3	15	314	248	7.96	-1.1	0	0	false
3	16	331	257	8.5	7.62	0	0	false
3	17	309	251	8.52	4.56	0	0	false
3	18	325	239	8.38	-0.98	0	0	false
3	19	307	252	7.65	8.41	0	0	false
3	20	157	87	9.06	3.63	0	1	true
3	21	194	102	8.13	2.13	0	1	false
3	22	184	111	10.36	2.19	0	1	false
3	23	180	108	10.04	3.44	0	1	false
3	24	173	91	10.35	2.43	0	1	false
3	25	182	91	8.95	1.62	0	1	false
3	26	186	92	7.85	4.73	0	1	false
3	27	187	97	10.33	2.22	0	1	false
3	28	172	102	8.85	4.67	0	1	false
3	29	183	102	8.73	2.45	0	1	false
3	30	191	101	8.77	1.34	0	1	false
3	31	165	113	10.39	2.49	0	1	false
3	32	194	115	9.93	1.22	0	1	false
3	33	163	89	7.93	4.86	0	1	false
3	34	191	97	9.06	4.57	0	1	false
3	35	193	83	9.22	1.65	0	1	false
3	36	192	100	7.81	5.38	0	1	false
3	37	190	104	8.23	4.55	0	1	false
3	38	167	98	8.67	1.18	0	1	false
3	39	192	97	9.63	2.69	0	1	false
3	40	127	481	9.95	0.53	0	2	true
3	41	98	453	9.82	-1.3	0	2	false
3	42	108	442	8.77	3.1	0	2	false
3	43	106	467	10.8	0.33	0	2	false
3	44	116	470	8.65	2.25	0	2	false
3	45	79	462	9.27	0.51	0	2	false
3	46	112	468	9.96	0.07	0	2	false
3	47	98	460	9.59	-0.61	0	2	false
3	48	115	465	11.12	-1.01	0	2	false
3	49	84	447	10.6	1.21	0	2	false
3	50	116	452	8.69	2.98	0	2	false
3	51	113	486	8.61	4.77	0	2	false
3	52	119	476	10.54	-1.58	0	2	false
3	53	122	445	8.86	3.13	0	2	false
3	54	126	460	8.74	2.86	0	2	false
3	55	121	474	10.64	0.33	0	2	false
3	56	117	473	11.32	-0.98	0	2	false
3	57	132	466	10.9	-0.43	0	2	false
3	58	92	475	10.07	-0.34	0	2	false
3	59	97	492	10.48	7.77	0	2	false
3	60	327	269	7.17	3.71	0	3	true
3	61	358	296	6.45	3.92	0	3	false
3	62	350	280	6.49	1.89	0	3	false
3	63	359	284	7.83	2.54	0	3	false
3	64	335	277	7.12	2.76	0	3	false
3	65	349	286	7.89	2	0	3	false
3	66	342	275	7.85	5.77	0	3	false
3	67	340	275	6.52	4.11	0	3	false
3	68	347	264	6.26	3.04	0	3	false
3	69	349	271	6.35	4.38	0	3	false
3	70	347	284	8.09	1.71	0	3	false
3	71	356	281	6.52	2.38	0	3	false
3	72	340	273	7.58	5.23	0	3	false
3	73	346	275	6.62	5.05	0	3	false
3	74	341	284	6.78	5.87	0	3	false
3	75	337	272	7.95	1.05	0	3	false
3	76	351	262	7.42	0.4	0	3	false
3	77	352	282	7.15	4.27	0	3	false
3	78	346	302	7.4	6.63	0	3	false
3	79	360	285	7.33	6.19	0	3	false
3	80	288	155	7.77	1.34	0	4	true
3	81	292	145	7.48	3.82	0	4	false
3	82	276	123	6.77	2.29	0	4	false
3	83	287	124	6.63	4.29	0	4	false
3	84	282	126	8.01	2.69	0	4	false
3	85	290	112	8.65	0.1	0	4	false
3	86	289	126	7.07	1.33	0	4	false
3	87	287	124	7.71	1.07	0	4	false
3	88	295	145	8.48	-0.29	0	4	false
3	89	286	133	7.33	0.15	0	4	false
3	90	280	128	8.66	2.11	0	4	false
3	91	289	124	8.18	4.39	0	4	false
3	92	281	129	8.22	3.76	0	4	false
3	93	292	112	7.99	0.06	0	4	false
3	94	284	127	8.72	0.89	0	4	false
3	95	289	142	7.35	2.47	0	4	false
3	96	284	132	7.32	1.17	0	4	false
3	97	285	146	7.78	2.01	0	4	false
3	98	290	146	7.81	-0.06	0	4	false
3	99	273	119	6.73	1.63	0	4	false
4	0	342	248	7.46	6.17	0	0	true
4	1	319	235	7.46	-0.78	0	0	false
4	2	311	248	7.05	2.1	0	0	false
4	3	302	230	7.41	0.41	0	0	false
4	4	304	276	7.72	7.23	0	0	false
4	5	306	249	8.27	4.2	0	0	false
4	6	302	247	7.79	1.29	0	0	false
4	7	341	264	8.02	3.95	0	0	false
4	8	327	235	8.01	0.25	0	0	false
4	9	308	250	6.36	3.75	0	0	false
4	10	316	238	7.12	-0.19	0	0	false
4	11	318	248	6.84	0.35	0	0	false
4	12	324	271	6.79	2.58	0	0	false
4	13	314	251	8.05	4.55	0	0	false
4	14	308	245	7.73	2.87	0	0	false
4	15	317	240	7.06	2.08	0	0	false
4	16	333	265	6.94	6.18	0	0	false
4	17	308	243	8.2	2.82	0	0	false
4	18	329	232	7.64	0.11	0	0	false
4	19	303	259	6.93	4.85	0	0	false
4	20	149	83	9.06	3.63	0	1	true
4	21	190	109	9.7	6.5	0	1	false
4	22	178	119	9.71	3.89	0	1	false
4	23	171	105	9.28	1.64	0	1	false
4	24	165	98	9.51	2.5	0	1	false
4	25	181	100	8.96	5.59	0	1	false
4	26	186	85	9.14	4.51	0	1	false
4	27	181	105	9.38	5.49	0	1	false
4	28	172	93	9.15	2.67	0	1	false
4	29	177	108	9.94	3.92	0	1	false
4	30	193	109	8.03	0.97	0	1	false
4	31	157	119	10.07	2.51	0	1	false
4	32	197	124	9.57	4.14	0	1	false
4	33	164	81	8.52	2.55	0	1	false
4	34	189	88	9.7	1.95	0	1	false
4	35	193	92	9.25	3.63	0	1	false
4	36	197	94	8.56	4.77	0	1	false
4	37	189	95	8.82	4.05	0	1	false
4	38	171	106	9.75	1.82	0	1	false
4	39	184	101	7.75	4.55	0	1	false
4	40	136	486	9.95	0.53	0	2	true
4	41	100	444	9.4	0.91	0	2	false
4	42	100	443	10.86	0.67	0	2	false
4	43	117	471	11.02	-0.32	0	2	false
4	44	110	476	10.11	-1.82	0	2	false
4	45	87	466	11.19	2.64	0	2	false
4	46	122	469	11.29	1.91	0	2	false
4	47	106	454	9.81	-1.57	0	2	false
4	48	121	455	9	2.91	0	2	false
4	49	88	457	10.76	-0.61	0	2	false
4	50	108	454	8.8	1.89	0	2	false
4	51	113	478	9.33	-0.29	0	2	false
4	52	119	465	10.4	0.76	0	2	false
4	53	113	446	10.84	2	0	2	false
4	54	118	462	11.41	2.42	0	2	false
4	55	131	477	10.53	3.18	0	2	false
4	56	123	464	9.67	3.04	0	2	false
4	57	142	462	10.03	3.41	0	2	false
4	58	101	472	9.57	2.31	0	2	false
4	59	98	497	8.48	5.06	0	2	false
4	60	321	265	7.17	3.71	0	3	true
4	61	353	291	8.1	5.17	0	3	false
4	62	348	286	6.68	1.41	0	3	false
4	63	353	288	7.85	2.67	0	3	false
4	64	329	280	7.85	5.98	0	3	false
4	65	346	293	7.83	3.64	0	3	false
4	66	349	271	6.77	4.69	0	3	false
4	67	337	270	6.47	5.46	0	3	false
4	68	341	265	8.04	5.73	0	3	false
4	69	347	265	6.35	2.23	0	3	false
4	70	345	292	8.14	5.4	0	3	false
4	71	352	286	7.66	1.9	0	3	false
4	72	344	266	6.94	2.24	0	3	false
4	73	348	269	7.34	3.34	0	3	false
4	74	347	281	6.91	3.79	0	3	false
4	75	341	279	6.95	1.33	0	3	false
4	76	358	265	6.74	1.03	0	3	false
4	77	349	276	7.27	2.6	0	3	false
4	78	353	304	6.77	5.6	0	3	false
4	79	367	285	7.59	1.16	0	3	false
4	80	290	162	7.77	1.34	0	4	true
4	81	286	140	7.8	-1.11	0	4	false
4	82	272	128	8.65	2.55	0	4	false
4	83	285	118	7.54	3.31	0	4	false
4	84	275	130	7.95	0.03	0	4	false
4	85	299	113	8.6	-0.5	0	4	false
4	86	291	133	8.5	-0.43	0	4	false
4	87	290	131	7.36	3.98	0	4	false
4	88	303	142	8.89	0.64	0	4	false
4	89	293	134	7.86	4.22	0	4	false
4	90	276	135	8.13	2.61	0	4	false
4	91	286	116	7.88	3.44	0	4	false
4	92	274	125	6.88	0.77	0	4	false
4	93	300	112	8.78	2.6	0	4	false
4	94	290	134	7.86	3.83	0	4	false
4	95	283	147	6.7	0.65	0	4	false
4	96	287	138	8.53	3.49	0	4	false
4	97	282	153	7.69	1.59	0	4	false
4	98	298	145	8.33	2.17	0	4	false
4	99	272	126	8.33	1.55	0	4	false
5	0	350	248	7.46	6.17	0	0	true
5	1	324	230	7.61	-1.56	0	0	false
5	2	308	254	8.36	7.28	0	0	false
5	3	309	233	6.58	3.12	0	0	false
5	4	308	282	7.91	7.54	0	0	false
5	5	302	242	6.38	-1.94	0	0	false
5	6	304	255	8.39	5.67	0	0	false
5	7	336	258	8.12	3.24	0	0	false
5	8	335	237	7.82	1.21	0	0	false
5	9	303	247	8.08	0.03	0	0	false
5	10	323	237	7.98	-2.06	0	0	false
5	11	324	250	7.91	7.75	0	0	false
5	12	318	274	8.28	5.64	0	0	false
5	13	313	243	7.72	-0.16	0	0	false
5	14	301	247	6.44	0.43	0	0	false
5	15	314	247	6.75	-2.07	0	0	false
5	16	340	264	7.81	3.98	0	0	false
5	17	300	246	7.96	-1.47	0	0	false
5	18	337	233	8.41	2.52	0	0	false
5	19	304	252	6.74	3.71	0	0	false
5	20	141	78	9.06	3.63	0	1	true
5	21	199	111	9.7	4.09	0	1	false
5	22	171	113	9.13	6.68	0	1	false
5	23	170	114	8.88	6.49	0	1	false
5	24	158	104	8.01	4	0	1	false
5	25	188	94	8.99	5.34	0	1	false
5	26	184	76	10.36	4.47	0	1	false
5	27	187	98	8.55	4.13	0	1	false
5	28	164	97	8.75	1.5	0	1	false
5	29	169	101	8.11	6.05	0	1	false
5	30	197	116	8.81	4.83	0	1	false
5	31	149	125	10.1	1.85	0	1	false
5	32	192	116	8.46	2.08	0	1	false
5	33	157	86	10.21	4.05	0	1	false
5	34	186	97	8.28	3.93	0	1	false
5	35	184	88	8.43	1.07	0	1	false
5	36	198	85	8.72	5.25	0	1	false
5	37	183	89	10.17	3.79	0	1	false
5	38	168	116	9.92	4.48	0	1	false
5	39	182	93	8.77	1.66	0	1	false
5	40	144	491	9.95	0.53	0	2	true
5	41	106	451	11.35	1.37	0	2	false
5	42	108	449	11	3.49	0	2	false
5	43	127	468	9.03	-1.24	0	2	false
5	44	108	466	10.15	1.54	0	2	false
5	45	77	472	9.84	-1.95	0	2	false
5	46	118	479	8.66	0.29	0	2	false
5	47	106	444	9.02	-0.84	0	2	false
5	48	112	457	11.13	2.36	0	2	false
5	49	97	451	11.05	-0.08	0	2	false
5	50	105	462	11.43	0.35	0	2	false
5	51	122	475	8.47	-2.06	0	2	false
5	52	126	472	10.96	-1.42	0	2	false
5	53	108	455	10.45	2.89	0	2	false
5	54	110	470	10.66	0.8	0	2	false
5	55	120	477	11	0.01	0	2	false
5	56	113	465	9.22	3.25	0	2	false
5	57	132	459	11.15	3.88	0	2	false
5	58	95	479	9.6	-2.21	0	2	false
5	59	101	489	8.48	-0.62	0	2	false
5	60	315	261	7.17	3.71	0	3	true
5	61	357	284	6.29	4.73	0	3	false
5	62	349	293	6.7	5.11	0	3	false
5	63	346	292	8.14	4.89	0	3	false
5	64	336	277	7.35	6.01	0	3	false
5	65	339	289	7.91	5.21	0	3	false
5	66	349	264	7.42	5.72	0	3	false
5	67	341	265	8.11	5.35	0	3	false
5	68	348	260	7.71	5.46	0	3	false
5	69	343	270	6.89	6.08	0	3	false
5	70	351	286	6.79	1.37	0	3	false
5	71	349	293	6.77	3.32	0	3	false
5	72	340	271	6.61	2.41	0	3	false
5	73	341	267	7.03	5.76	0	3	false
5	74	341	277	7.66	3.24	0	3	false
5	75	343	285	7.3	3.25	0	3	false
5	76	361	271	6.55	3.64	0	3	false
5	77	343	279	6.4	6.52	0	3	false
5	78	358	300	6.53	2.05	0	3	false
5	79	370	292	6.23	1.7	0	3	false
5	80	292	170	7.77	1.34	0	4	true
5	81	289	134	7.97	3.54	0	4	false
5	82	265	133	8.74	2.31	0	4	false
5	83	277	116	8.61	-0.18	0	4	false
5	84	283	130	8.51	2.65	0	4	false
5	85	306	109	6.73	3.73	0	4	false
5	86	299	130	7.52	2.29	0	4	false
5	87	286	126	7.82	1.4	0	4	false
5	88	310	148	8.15	0.46	0	4	false
5	89	290	127	8.32	1.83	0	4	false
5	90	269	139	7.6	-1.34	0	4	false
5	91	278	114	7.16	3.83	0	4	false
5	92	279	129	7.11	-1	0	4	false
5	93	293	117	8.01	2.03	0	4	false
5	94	284	129	7.86	3.63	0	4	false
5	95	288	151	7.21	1.5	0	4	false
5	96	279	136	7.22	0.43	0	4	false
5	97	282	161	6.63	1.24	0	4	false
5	98	293	152	6.66	0.69	0	4	false
5	99	272	134	7.14	2.21	0	4	false
6	0	357	247	7.46	6.17	0	0	true
6	1	324	222	7.6	-1.52	0	0	false
6	2	312	261	7.97	5.5	0	0	false
6	3	302	233	8.09	0.89	0	0	false
6	4	311	290	8.54	5.82	0	0	false
6	5	300	236	8.01	-0.15	0	0	false
6	6	311	250	8.48	4.87	0	0	false
6	7	328	257	8.08	7.76	0	0	false
6	8	338	244	8.57	2.88	0	0	false
6	9	311	247	7.81	6.77	0	0	false
6	10	319	230	7.67	0.97	0	0	false
6	11	325	258	8.43	6.17	0	0	false
6	12	325	269	7.95	7.16	0	0	false
6	13	320	242	7.55	0.9	0	0	false
6	14	307	250	8.34	5.97	0	0	false
6	15	311	241	7.67	0.07	0	0	false
6	16	335	259	8.53	7.54	0	0	false
6	17	301	238	8.02	1.32	0	0	false
6	18	330	238	6.68	2.73	0	0	false
6	19	298	248	7.67	7.82	0	0	false
6	20	133	74	9.06	3.63	0	1	true
6	21	193	103	9.25	2.78	0	1	false
6	22	180	116	8.13	5.41	0	1	false
6	23	179	116	10.14	6.01	0	1	false
6	24	152	98	7.81	4.56	0	1	false
6	25	194	87	8	0.56	0	1	false
6	26	182	66	7.89	2.68	0	1	false
6	27	183	91	8.97	5.15	0	1	false
6	28	165	106	8.72	2.77	0	1	false
6	29	177	99	8.63	6.25	0	1	false
6	30	198	107	8.1	5.86	0	1	false
6	31	146	135	8.46	2.88	0	1	false
6	32	188	124	8.76	5.77	0	1	false
6	33	151	78	10.3	2.44	0	1	false
6	34	180	91	9.75	1.17	0	1	false
6	35	188	95	7.98	5.8	0	1	false
6	36	202	78	9.42	3.73	0	1	false
6	37	175	82	9.11	4.89	0	1	false
6	38	166	106	10.21	5.71	0	1	false
6	39	182	102	7.99	6.47	0	1	false
6	40	153	496	9.95	0.53	0	2	true
6	41	108	462	9.74	2.08	0	2	false
6	42	98	446	10.89	1.98	0	2	false
6	43	130	459	10.63	-0.69	0	2	false
6	44	108	477	8.96	2.04	0	2	false
6	45	73	463	11.31	-1.8	0	2	false
6	46	127	482	10.74	1.94	0	2	false
6	47	112	438	9.04	1.79	0	2	false
6	48	105	465	9.96	1.41	0	2	false
6	49	108	450	8.99	-1.35	0	2	false
6	50	116	466	9.62	2.94	0	2	false
6	51	118	467	9.6	-1.21	0	2	false
6	52	128	462	10.82	2.61	0	2	false
6	53	98	458	9.21	2.16	0	2	false
6	54	117	478	11.09	-0.48	0	2	false
6	55	131	477	9.13	0.21	0	2	false
6	56	104	464	10.91	3.23	0	2	false
6	57	124	452	10.46	1.98	0	2	false
6	58	89	471	8.77	2.59	0	2	false
6	59	108	484	9.15	0.73	0	2	false
6	60	309	258	7.17	3.71	0	3	true
6	61	357	278	7.15	6.18	0	3	false
6	62	352	287	7.91	2.79	0	3	false
6	63	347	284	7.76	6.24	0	3	false
6	64	343	275	7.72	1.32	0	3	false
6	65	343	282	6.46	3.15	0	3	false
6	66	355	260	6.89	4.68	0	3	false
6	67	346	258	7.1	2.68	0	3	false
6	68	353	255	7.63	4.66	0	3	false
6	69	350	269	7.17	6.21	0	3	false
6	70	352	292	6.9	4.93	0	3	false
6	71	342	292	8.11	2.66	0	3	false
6	72	335	276	7.14	6.14	0	3	false
6	73	347	264	6.59	2.49	0	3	false
6	74	334	276	6.57	6.54	0	3	false
6	75	336	285	7.49	4	0	3	false
6	76	356	268	7.92	3.13	0	3	false
6	77	349	281	7.46	4.43	0	3	false
6	78	355	306	7.77	4.98	0	3	false
6	79	370	298	7.57	2.51	0	3	false
6	80	294	178	7.77	1.34	0	4	true
6	81	282	130	7.11	2.83	0	4	false
6	82	259	140	7.89	-0.14	0	4	false
6	83	286	115	7.31	3.53	0	4	false
6	84	276	134	7.67	3.68	0	4	false
6	85	301	105	7.48	0.03	0	4	false
6	86	294	135	8.03	2.74	0	4	false
6	87	287	133	7.53	-0.36	0	4	false
6	88	317	151	6.98	1.13	0	4	false
6	89	287	135	8.56	0.44	0	4	false
6	90	271	132	6.76	-0.19	0	4	false
6	91	273	110	7.5	-1.12	0	4	false
6	92	283	123	7.68	-0.91	0	4	false
6	93	289	124	8.71	2.59	0	4	false
6	94	277	125	6.84	-0.35	0	4	false
6	95	289	158	8.18	-1.07	0	4	false
6	96	286	139	8.54	1.14	0	4	false
6	97	284	167	7.63	-1.51	0	4	false
6	98	298	157	7.46	4.62	0	4	false
6	99	268	140	7.66	3.02	0	4	false
7	0	364	246	7.46	6.17	0	0	true
7	1	325	215	6.49	-0.52	0	0	false
7	2	318	255	7.78	8.39	0	0	false
7	3	307	240	8.17	0.5	0	0	false
7	4	318	286	6.78	7.32	0	0	false
7	5	308	235	8.42	-1.99	0	0	false
7	6	312	242	7.65	2.18	0	0	false
7	7	329	265	7.31	4.2	0	0	false
7	8	329	246	8.53	6.48	0	0	false
7	9	318	251	7.07	3.72	0	0	false
7	10	324	236	8.02	2.99	0	0	false
7	11	334	257	7.87	7.9	0	0	false
7	12	330	275	6.39	3	0	0	false
7	13	325	248	8.27	8.14	0	0	false
7	14	315	247	8.39	3.82	0	0	false
7	15	318	241	6.72	-2.01	0	0	false
7	16	338	267	7.06	4.97	0	0	false
7	17	303	246	7.94	2.34	0	0	false
7	18	324	240	6.89	-2.33	0	0	false
7	19	298	256	6.93	3.57	0	0	false
7	20	125	70	9.06	3.63	0	1	true
7	21	185	106	9.59	5.22	0	1	false
7	22	185	110	10.22	2.04	0	1	false
7	23	189	113	8.16	2.23	0	1	false
7	24	151	90	9.2	5.64	0	1	false
7	25	200	91	8.78	4.34	0	1	false
7	26	175	69	9.4	4.25	0	1	false
7	27	186	83	8.56	2.53	0	1	false
7	28	156	109	10.11	2.2	0	1	false
7	29	186	99	8.45	5.46	0	1	false
7	30	206	104	8.34	5.09	0	1	false
7	31	138	137	8.87	6.3	0	1	false
7	32	195	119	9.07	5.33	0	1	false
7	33	143	85	10.18	3.07	0	1	false
7	34	184	100	10.06	2.54	0	1	false
7	35	195	92	9.2	1.4	0	1	false
7	36	194	72	9.94	4.64	0	1	false
7	37	177	73	8.1	4.63	0	1	false
7	38	175	100	9.15	1.33	0	1	false
7	39	189	103	10.29	4.36	0	1	false
7	40	162	498	9.95	5.76	0	2	true
7	41	104	471	9.15	1.92	0	2	false
7	42	94	456	10.98	0.86	0	2	false
7	43	138	452	9.73	0.97	0	2	false
7	44	104	485	10.15	-1	0	2	false
7	45	71	452	10.13	0.74	0	2	false
7	46	123	492	10.1	-2.47	0	2	false
7	47	110	447	8.68	3.18	0	2	false
7	48	106	475	9.53	-1.84	0	2	false
7	49	110	441	11.3	1.77	0	2	false
7	50	106	468	11.43	-1.42	0	2	false
7	51	122	458	11.15	3.45	0	2	false
7	52	119	467	9.92	-1.32	0	2	false
7	53	93	466	9.27	-2.27	0	2	false
7	54	127	472	10.45	0.19	0	2	false
7	55	140	479	10.85	-0.9	0	2	false
7	56	93	463	9.85	2.26	0	2	false
7	57	120	461	9.76	1.61	0	2	false
7	58	81	476	9.34	0.89	0	2	false
7	59	115	490	10.22	0.38	0	2	false
7	60	303	254	7.17	3.71	0	3	true
7	61	364	277	7.17	2.22	0	3	false
7	62	344	290	7.24	5.81	0	3	false
7	63	355	283	8.01	4.79	0	3	false
7	64	345	283	7.45	1.98	0	3	false
7	65	336	282	7.97	6.33	0	3	false
7	66	355	253	7.77	3.05	0	3	false
7	67	340	261	7.75	4.87	0	3	false
7	68	352	247	7.58	0.99	0	3	false
7	69	357	268	8.11	3.62	0	3	false
7	70	353	286	8.22	4.68	0	3	false
7	71	335	295	7.72	6.85	0	3	false
7	72	342	275	7.43	6.36	0	3	false
7	73	342	268	7.05	4.59	0	3	false
7	74	340	278	6.21	3.16	0	3	false
7	75	331	279	7.62	4.94	0	3	false
7	76	348	268	8.05	5.08	0	3	false
7	77	347	274	7.31	5.13	0	3	false
7	78	357	298	6.6	3.62	0	3	false
7	79	363	302	7.42	2.34	0	3	false
7	80	295	185	7.77	1.34	0	4	true
7	81	275	133	6.91	2.81	0	4	false
7	82	267	138	8.8	2.11	0	4	false
7	83	279	112	7.27	3.93	0	4	false
7	84	269	130	7.36	-1.62	0	4	false
7	85	308	105	7.9	0.3	0	4	false
7	86	286	139	8.67	3.36	0	4	false
7	87	294	131	7.96	-0.6	0	4	false
7	88	320	158	7.02	2.58	0	4	false
7	89	295	139	8.05	-1.02	0	4	false
7	90	277	131	6.72	-0.18	0	4	false
7	91	276	103	8.11	1.78	0	4	false
7	92	288	117	7.06	-0.92	0	4	false
7	93	282	129	8.1	2.12	0	4	false
7	94	283	123	8.45	-1.1	0	4	false
7	95	293	151	7.3	3.39	0	4	false
7	96	289	146	7.88	2.07	0	4	false
7	97	285	159	6.87	3.66	0	4	false
7	98	298	149	7.97	4.46	0	4	false
7	99	261	141	8.25	-0.43	0	4	false
8	0	372	245	7.46	6.17	0	0	true
8	1	330	212	7.37	0.9	0	0	false
8	2	314	262	8.18	7.69	0	0	false
8	3	314	243	7.61	-2.51	0	0	false
8	4	322	292	8.01	4.72	0	0	false
8	5	304	227	6.39	0.48	0	0	false
8	6	308	248	8.01	7.55	0	0	false
8	7	325	259	7.16	4.54	0	0	false
8	8	338	248	6.63	3.84	0	0	false
8	9	312	247	7.05	5.01	0	0	false
8	10	316	237	7.92	0.3	0	0	false
8	11	333	265	8.15	5.28	0	0	false
8	12	324	276	6.98	5.12	0	0	false
8	13	323	256	8.1	4.52	0	0	false
8	14	308	242	8.32	2.5	0	0	false
8	15	316	235	7.07	2.57	0	0	false
8	16	340	260	7.2	5.91	0	0	false
8	17	297	251	8.37	8.47	0	0	false
8	18	319	235	6.45	1.55	0	0	false
8	19	292	253	7.46	6.7	0	0	false
8	20	117	66	9.06	3.63	0	1	true
8	21	190	98	7.94	2.93	0	1	false
8	22	180	119	8.48	4.93	0	1	false
8	23	184	120	8.55	4.02	0	1	false
8	24	159	85	9.3	3.49	0	1	false
8	25	197	83	8.77	0.62	0	1	false
8	26	171	61	9.22	3.86	0	1	false
8	27	179	88	10.26	4.95	0	1	false
8	28	150	117	9.37	5.6	0	1	false
8	29	192	92	9.22	5.92	0	1	false
8	30	209	96	9.06	2.96	0	1	false
8	31	147	137	8.62	1.61	0	1	false
8	32	201	112	8.51	1.25	0	1	false
8	33	133	85	10.19	1.44	0	1	false
8	34	176	106	9.39	5.71	0	1	false
8	35	197	101	7.82	1.72	0	1	false
8	36	194	62	8.17	0.34	0	1	false
8	37	176	65	9.48	4.42	0	1	false
8	38	177	109	8.39	2.31	0	1	false
8	39	186	94	9.89	2.39	0	1	false
8	40	170	493	9.95	5.76	0	2	true
8	41	101	479	11.25	1.75	0	2	false
8	42	101	464	8.7	-2.13	0	2	false
8	43	144	460	8.7	0.46	0	2	false
8	44	110	476	9.99	-1.37	0	2	false
8	45	78	458	10.97	3.11	0	2	false
8	46	115	486	10.6	1.95	0	2	false
8	47	102	446	9.18	1.79	0	2	false
8	48	104	466	10.56	3	0	2	false
8	49	108	452	9.71	-1.95	0	2	false
8	50	108	457	10.48	-0.11	0	2	false
8	51	111	455	11.29	1.41	0	2	false
8	52	121	458	9.04	2	0	2	false
8	53	87	459	8.67	2.79	0	2	false
8	54	137	474	11.29	2.72	0	2	false
8	55	147	470	9.54	0.42	0	2	false
8	56	87	470	9.65	2.27	0	2	false
8	57	119	471	11.41	0.49	0	2	false
8	58	87	483	11.26	0.81	0	2	false
8	59	124	494	9.56	3.63	0	2	false
8	60	297	250	7.17	3.71	0	3	true
8	61	360	283	7.84	1.37	0	3	false
8	62	351	286	6.85	1.63	0	3	false
8	63	356	275	7.6	3.22	0	3	false
8	64	342	290	7.49	1.65	0	3	false
8	65	344	283	7.95	3.23	0	3	false
8	66	347	254	7.68	1.78	0	3	false
8	67	341	254	7.46	2.27	0	3	false
8	68	357	253	6.91	3.52	0	3	false
8	69	350	265	6.11	1	0	3	false
8	70	353	277	6.52	2.21	0	3	false
8	71	342	300	8.14	6.46	0	3	false
8	72	349	275	7.32	4.11	0	3	false
8	73	341	261	6.43	3.38	0	3	false
8	74	334	278	6.43	4.36	0	3	false
8	75	332	272	7.15	4.72	0	3	false
8	76	350	260	7.85	1.38	0	3	false
8	77	350	267	7.19	5.43	0	3	false
8	78	351	295	7.42	5.39	0	3	false
8	79	358	308	6.45	4.08	0	3	false
8	80	297	193	7.77	1.34	0	4	true
8	81	269	135	7	1.06	0	4	false
8	82	262	146	8.57	-1.3	0	4	false
8	83	274	107	7.31	-0.12	0	4	false
8	84	269	123	8.03	0.07	0	4	false
8	85	316	107	6.81	4.39	0	4	false
8	86	278	137	8.27	0.32	0	4	false
8	87	300	126	7.37	4.39	0	4	false
8	88	314	161	7.84	3.51	0	4	false
8	89	299	132	8.94	1.51	0	4	false
8	90	284	129	6.94	2.27	0	4	false
8	91	275	111	7.52	-0.64	0	4	false
8	92	292	112	8.65	2.36	0	4	false
8	93	277	136	8.48	-0.77	0	4	false
8	94	287	116	8.9	2.34	0	4	false
8	95	286	149	7.85	0.17	0	4	false
8	96	285	153	7.51	-0.99	0	4	false
8	97	279	156	8.05	-1.1	0	4	false
8	98	296	141	7.53	0.14	0	4	false
8	99	268	138	8.17	-0.58	0	4	false
9	0	379	244	7.46	6.17	0	0	true
9	1	335	217	7.26	2.59	0	0	false
9	2	315	270	7.23	6.89	0	0	false
9	3	308	239	7.02	-0.77	0	0	false
9	4	322	284	7.57	2.98	0	0	false
9	5	310	230	8.26	-2.48	0	0	false
9	6	310	256	7.75	7.19	0	0	false
9	7	324	252	7.58	6.93	0	0	false
9	8	333	243	7.25	-2.58	0	0	false
9	9	314	240	6.35	-0.46	0	0	false
9	10	323	240	7.46	-0.06	0	0	false
9	11	338	258	7.14	8.29	0	0	false
9	12	327	270	7.26	3.17	0	0	false
9	13	321	248	6.39	4	0	0	false
9	14	301	247	7.63	7.7	0	0	false
9	15	310	239	6.49	1.12	0	0	false
9	16	346	257	7.63	5.01	0	0	false
9	17	293	258	6.77	8.28	0	0	false
9	18	319	242	7.45	-1.28	0	0	false
9	19	299	256	7.71	8.51	0	0	false
9	20	109	62	9.06	3.63	0	1	true
9	21	182	99	7.85	0.93	0	1	false
9	22	182	111	8.94	1.02	0	1	false
9	23	178	113	9.29	1.88	0	1	false
9	24	150	81	10.41	1.11	0	1	false
9	25	204	88	9.15	2.56	0	1	false
9	26	164	55	8.65	1.8	0	1	false
9	27	182	78	8.02	3	0	1	false
9	28	158	111	8.87	2.03	0	1	false
9	29	200	89	8.36	5.82	0	1	false
9	30	200	98	10.39	3.9	0	1	false
9	31	146	146	9.92	4.32	0	1	false
9	32	203	120	8.47	5.94	0	1	false
9	33	134	96	9.77	2.2	0	1	false
9	34	183	101	10.24	1.85	0	1	false
9	35	196	108	10.25	5.89	0	1	false
9	36	201	65	8.78	5.45	0	1	false
9	37	173	56	8.49	1.91	0	1	false
9	38	171	115	8.08	2.47	0	1	false
9	39	179	101	10.04	3.78	0	1	false
9	40	179	488	9.95	5.76	0	2	true
9	41	99	491	11.11	5.33	0	2	false
9	42	96	457	9.86	1.91	0	2	false
9	43	151	464	8.74	3.42	0	2	false
9	44	112	466	11.28	0.36	0	2	false
9	45	67	459	10.75	0.64	0	2	false
9	46	111	496	10.58	8.02	0	2	false
9	47	100	455	9.62	2.42	0	2	false
9	48	93	467	9.35	-1.49	0	2	false
9	49	104	443	11.01	-1.6	0	2	false
9	50	118	456	9.6	-1.96	0	2	false
9	51	113	466	9.28	0.15	0	2	false
9	52	118	466	10.35	2.43	0	2	false
9	53	79	461	8.75	-2.14	0	2	false
9	54	127	479	10.74	-1.41	0	2	false
9	55	156	474	8.59	-2.04	0	2	false
9	56	81	478	9.8	1.5	0	2	false
9	57	130	476	8.79	-0.51	0	2	false
9	58	95	491	8.96	7.03	0	2	false
9	59	116	489	10.96	7.11	0	2	false
9	60	291	246	7.17	3.71	0	3	true
9	61	361	290	7.78	1.01	0	3	false
9	62	350	293	8.05	1.86	0	3	false
9	63	348	275	6.62	3.58	0	3	false
9	64	342	297	7.19	1.65	0	3	false
9	65	336	282	7.44	2.23	0	3	false
9	66	346	261	7.08	4.36	0	3	false
9	67	336	260	8.13	5.2	0	3	false
9	68	350	251	7.79	3.89	0	3	false
9	69	353	270	7.88	4.5	0	3	false
9	70	349	283	8.06	4.87	0	3	false
9	71	350	301	7.34	2.8	0	3	false
9	72	345	269	8.01	5.85	0	3	false
9	73	335	259	7.47	3.88	0	3	false
9	74	332	272	6.37	2.96	0	3	false
9	75	332	264	7.55	3.76	0	3	false
9	76	352	268	6.56	2.81	0	3	false
9	77	354	261	8.14	4.83	0	3	false
9	78	356	290	7.26	3.63	0	3	false
9	79	354	302	7.92	6.2	0	3	false
9	80	299	200	7.77	1.34	0	4	true
9	81	272	141	7.57	-0.32	0	4	false
9	82	264	138	7.3	-0.98	0	4	false
9	83	281	106	8.21	1.02	0	4	false
9	84	277	123	8.82	-1.31	0	4	false
9	85	313	101	6.99	2.17	0	4	false
9	86	286	139	8.65	1.23	0	4	false
9	87	298	119	7.85	3.62	0	4	false
9	88	307	159	7.44	0.68	0	4	false
9	89	300	141	7.4	-0.52	0	4	false
9	90	279	135	7.55	-1.4	0	4	false
9	91	281	106	8.15	3.36	0	4	false
9	92	286	118	8.63	4.13	0	4	false
9	93	283	130	7.23	3.93	0	4	false
9	94	281	122	8.38	-1.18	0	4	false
9	95	293	150	7.28	1.99	0	4	false
9	96	290	147	6.98	3.32	0	4	false
9	97	282	149	8.27	2.07	0	4	false
9	98	303	142	7.93	2.54	0	4	false
9	99	275	133	8.3	3.18	0	4	false
10	0	387	243	7.46	6.17	0	0	true
10	1	329	221	7.27	-0.76	0	0	false
10	2	321	274	8.35	4.05	0	0	false
10	3	313	234	7.67	-1.02	0	0	false
10	4	314	285	6.55	2.95	0	0	false
10	5	303	225	7.47	-0.74	0	0	false
10	6	315	262	6.94	5.45	0	0	false
10	7	330	256	7.97	5.39	0	0	false
10	8	327	240	6.65	-0.74	0	0	false
10	9	320	237	6.4	1.5	0	0	false
10	10	331	239	7.77	-0.91	0	0	false
10	11	335	265	8.51	7.81	0	0	false
10	12	319	270	6.63	4.01	0	0	false
10	13	317	243	7.85	-1.62	0	0	false
10	14	302	254	6.86	7.14	0	0	false
10	15	313	245	6.64	8.64	0	0	false
10	16	348	250	7.55	6.21	0	0	false
10	17	290	264	8.18	3.66	0	0	false
10	18	321	235	7.07	2.11	0	0	false
10	19	294	262	7.57	8.29	0	0	false
10	20	101	57	9.06	3.63	0	1	true
10	21	186	106	9.89	3.86	0	1	false
10	22	187	118	9.11	4.75	0	1	false
10	23	175	122	9.32	5.89	0	1	false
10	24	154	91	8.09	1.81	0	1	false
10	25	197	93	9.7	0.85	0	1	false
10	26	162	63	8.32	4.42	0	1	false
10	27	174	79	9.24	3.03	0	1	false
10	28	154	119	8.76	2.64	0	1	false
10	29	208	85	9.62	1.93	0	1	false
10	30	192	91	9.67	4.4	0	1	false
10	31	142	137	9.31	6.74	0	1	false
10	32	211	117	10.22	6	0	1	false
10	33	128	103	10.21	5.43	0	1	false
10	34	181	111	8.92	3.82	0	1	false
10	35	205	105	10.03	4.35	0	1	false
10	36	207	59	9.36	5.76	0	1	false
10	37	170	64	9.74	5.99	0	1	false
10	38	165	120	10.22	2.38	0	1	false
10	39	171	95	9.58	6.02	0	1	false
10	40	187	483	9.95	5.76	0	2	true
10	41	105	481	9.68	1.49	0	2	false
10	42	93	466	8.57	2.82	0	2	false
10	43	143	462	10.76	-1.4	0	2	false
10	44	122	470	10.27	-0.75	0	2	false
10	45	76	465	10.35	-0.87	0	2	false
10	46	109	493	9.55	4.27	0	2	false
10	47	92	462	10.17	-0.81	0	2	false
10	48	94	458	10.66	-0.21	0	2	false
10	49	104	432	9.83	-1.6	0	2	false
10	50	115	447	10.72	-1.25	0	2	false
10	51	122	468	10.29	1.21	0	2	false
10	52	110	473	11.38	1.44	0	2	false
10	53	74	454	9.47	-1.85	0	2	false
10	54	128	468	9.74	-1.77	0	2	false
10	55	152	466	9.54	-1.5	0	2	false
10	56	81	487	9.11	8.56	0	2	false
10	57	137	472	10.5	-1.34	0	2	false
10	58	102	497	10.19	7.81	0	2	false
10	59	123	497	10.69	7.59	0	2	false
10	60	285	242	7.17	3.71	0	3	true
10	61	366	297	7.78	6.22	0	3	false
10	62	348	301	7.06	1.6	0	3	false
10	63	342	272	7.2	4.09	0	3	false
10	64	341	304	7.86	1.42	0	3	false
10	65	332	288	7.19	6.64	0	3	false
10	66	343	255	7.69	1.35	0	3	false
10	67	340	252	6.62	4.65	0	3	false
10	68	344	246	7.38	2.04	0	3	false
10	69	352	262	8.19	1.68	0	3	false
10	70	351	275	6.94	3.66	0	3	false
10	71	343	303	7.23	5.04	0	3	false
10	72	352	266	6.14	3.09	0	3	false
10	73	329	254	8	2.85	0	3	false
10	74	325	273	8.02	3.8	0	3	false
10	75	326	260	7.72	6.21	0	3	false
10	76	346	270	7.19	3.63	0	3	false
10	77	355	253	7.56	1.61	0	3	false
10	78	350	286	6.87	2.02	0	3	false
10	79	362	302	6.14	2.39	0	3	false
10	80	301	208	7.77	1.34	0	4	true
10	81	279	139	7.49	1.27	0	4	false
10	82	268	132	7.14	-0.15	0	4	false
10	83	285	113	8.35	3.96	0	4	false
10	84	279	115	6.83	1.11	0	4	false
10	85	309	107	7.97	4.41	0	4	false
10	86	288	147	7.14	-0.03	0	4	false
10	87	291	116	7.7	1.02	0	4	false
10	88	313	163	7.77	2.05	0	4	false
10	89	306	137	8.16	4.02	0	4	false
10	90	281	127	6.85	-0.38	0	4	false
10	91	273	105	7.84	1.64	0	4	false
10	92	281	111	8.16	2.46	0	4	false
10	93	278	124	8.32	1.04	0	4	false
10	94	284	114	7.34	3.31	0	4	false
10	95	290	157	7.94	1.01	0	4	false
10	96	283	146	8.55	3.15	0	4	false
10	97	278	156	7.59	1.58	0	4	false
10	98	297	147	8.08	2.56	0	4	false
10	99	267	133	8.02	3.71	0	4	false
11	0	394	243	7.46	6.17	0	0	true
11	1	334	216	8.48	2.69	0	0	false
11	2	316	268	7.51	4.11	0	0	false
11	3	317	228	8.04	-0.89	0	0	false
11	4	308	286	6.48	4.76	0	0	false
11	5	309	220	8.41	-1.87	0	0	false
11	6	320	257	6.79	8.64	0	0	false
11	7	335	250	6.8	6.49	0	0	false
11	8	332	235	6.98	1.8	0	0	false
11	9	321	244	7.26	5.78	0	0	false
11	10	335	233	7.63	0.87	0	0	false
11	11	335	273	8.05	8.53	0	0	false
11	12	315	265	8.24	7.39	0	0	false
11	13	317	235	6.56	-2.26	0	0	false
11	14	307	260	7.01	7.26	0	0	false
11	15	308	249	7.38	4.53	0	0	false
11	16	356	249	7.76	7.5	0	0	false
11	17	283	260	7.18	3.79	0	0	false
11	18	318	241	8.39	-0.32	0	0	false
11	19	291	269	7.9	8.6	0	0	false
11	20	93	53	9.06	3.63	0	1	true
11	21	179	99	10.16	5.7	0	1	false
11	22	187	109	7.97	3.15	0	1	false
11	23	184	118	9.48	3.79	0	1	false
11	24	153	99	10.15	2.25	0	1	false
11	25	203	101	9.22	1.91	0	1	false
11	26	159	55	9.43	3.65	0	1	false
11	27	165	80	10.1	2.7	0	1	false
11	28	146	123	7.89	3.26	0	1	false
11	29	204	94	8.21	3.11	0	1	false
11	30	189	81	8.16	0.74	0	1	false
11	31	151	141	8.18	4.11	0	1	false
11	32	221	115	8.48	4.22	0	1	false
11	33	135	96	9.38	1.46	0	1	false
11	34	174	105	8.59	5.25	0	1	false
11	35	202	95	10.25	5.88	0	1	false
11	36	215	54	10.18	3.52	0	1	false
11	37	180	61	9.38	3.65	0	1	false
11	38	157	128	9.39	5.31	0	1	false
11	39	180	92	8.83	3.36	0	1	false
11	40	196	478	9.95	5.76	0	2	true
11	41	106	491	8.67	3.88	0	2	false
11	42	85	469	9.24	1.21	0	2	false
11	43	145	451	10.07	0.35	0	2	false
11	44	130	463	9.21	0.08	0	2	false
11	45	83	457	8.68	2.06	0	2	false
11	46	105	484	10.04	8.59	0	2	false
11	47	99	454	9.56	-0.9	0	2	false
11	48	104	456	9.54	2.3	0	2	false
11	49	103	422	10.39	-0.74	0	2	false
11	50	118	437	8.58	1.92	0	2	false
11	51	126	477	11.18	-2.5	0	2	false
11	52	111	484	10.54	5.94	0	2	false
11	53	72	445	10.21	2.38	0	2	false
11	54	126	459	9.63	2.82	0	2	false
11	55	153	457	9.94	-1.03	0	2	false
11	56	75	494	8.8	6.49	0	2	false
11	57	140	462	9.91	-1.35	0	2	false
11	58	102	492	9.51	4.34	0	2	false
11	59	126	491	10.5	6.18	0	2	false
11	60	279	238	7.17	3.71	0	3	true
11	61	373	296	7.58	1.48	0	3	false
11	62	348	308	8.2	3.79	0	3	false
11	63	338	266	6.68	4.43	0	3	false
11	64	342	312	7.07	2.01	0	3	false
11	65	338	290	6.36	4.95	0	3	false
11	66	345	262	7.53	3.67	0	3	false
11	67	339	246	7.6	4.29	0	3	false
11	68	341	252	7.44	2.2	0	3	false
11	69	351	270	7.1	4.3	0	3	false
11	70	345	271	6.81	2.8	0	3	false
11	71	345	297	6.97	3.38	0	3	false
11	72	346	266	7.48	5.31	0	3	false
11	73	322	257	7.12	3.81	0	3	false
11	74	319	268	7.66	3.53	0	3	false
11	75	334	259	7.73	1.36	0	3	false
11	76	339	267	8.12	4.95	0	3	false
11	77	355	261	8.05	6.11	0	3	false
11	78	347	292	7.1	4.4	0	3	false
11	79	358	306	7.69	1.55	0	3	false
11	80	302	215	7.77	1.34	0	4	true
11	81	281	146	8.91	-1.26	0	4	false
11	82	275	131	7.55	3.12	0	4	false
11	83	280	107	8.05	-1.08	0	4	false
11	84	282	121	8.49	1.09	0	4	false
11	85	307	99	7.34	1.03	0	4	false
11	86	296	147	7.95	2.14	0	4	false
11	87	295	122	7.77	3.34	0	4	false
11	88	309	170	8.54	3.04	0	4	false
11	89	301	131	7.32	1.32	0	4	false
11	90	287	125	8.77	4.02	0	4	false
11	91	272	112	7.68	3.52	0	4	false
11	92	275	116	6.66	-0.14	0	4	false
11	93	283	132	8.55	-0.29	0	4	false
11	94	277	113	7.36	-0.84	0	4	false
11	95	295	164	6.7	3.43	0	4	false
11	96	274	146	7	-0	0	4	false
11	97	278	164	6.94	3.44	0	4	false
11	98	290	151	7.4	1.98	0	4	false
11	99	260	128	8.62	0.43	0	4	false
12	0	402	242	7.46	6.17	0	0	true
12	1	326	220	6.92	-0.29	0	0	false
12	2	312	262	7.37	4.44	0	0	false
12	3	322	221	7.92	-0.1	0	0	false
12	4	308	280	7.93	7.48	0	0	false
12	5	306	212	7.1	2.62	0	0	false
12	6	315	261	8.48	6.54	0	0	false
12	7	341	251	6.66	5.18	0	0	false
12	8	330	242	7.28	4.93	0	0	false
12	9	327	240	7.81	2.03	0	0	false
12	10	340	239	7.11	2.86	0	0	false
12	11	330	280	7.85	6.99	0	0	false
12	12	319	272	7.27	3.85	0	0	false
12	13	313	230	6.4	1.95	0	0	false
12	14	311	265	7.81	8.3	0	0	false
12	15	306	242	6.87	7.25	0	0	false
12	16	359	257	7.61	3.96	0	0	false
12	17	277	256	8.23	4.43	0	0	false
12	18	326	238	7.59	-2.73	0	0	false
12	19	286	275	6.56	7.42	0	0	false
12	20	85	49	9.06	3.63	0	1	true
12	21	188	94	9.68	6.2	0	1	false
12	22	179	109	10.15	6.38	0	1	false
12	23	176	113	10.32	3.61	0	1	false
12	24	146	107	7.72	4.45	0	1	false
12	25	200	109	7.84	1.98	0	1	false
12	26	151	51	8.89	1.1	0	1	false
12	27	156	84	9.43	3.85	0	1	false
12	28	138	122	9.3	3.12	0	1	false
12	29	196	95	8.58	2.1	0	1	false
12	30	195	87	9.15	2.65	0	1	false
12	31	146	134	8.21	4.61	0	1	false
12	32	217	107	9.95	3.86	0	1	false
12	33	136	105	8.01	1.39	0	1	false
12	34	178	98	9.74	1.74	0	1	false
12	35	211	91	9.21	4.5	0	1	false
12	36	206	50	7.91	0.52	0	1	false
12	37	172	57	10.41	1.05	0	1	false
12	38	163	120	9.34	5.8	0	1	false
12	39	171	90	7.78	2.49	0	1	false
12	40	205	473	9.95	5.76	0	2	true
12	41	99	485	8.64	6.7	0	2	false
12	42	88	477	11.36	8.12	0	2	false
12	43	154	455	10.91	2.72	0	2	false
12	44	139	464	9.26	0.64	0	2	false
12	45	79	465	11.24	-1.95	0	2	false
12	46	98	492	8.46	6.37	0	2	false
12	47	105	447	10.8	1.77	0	2	false
12	48	98	463	10.06	1.38	0	2	false
12	49	111	415	10.05	0.41	0	2	false
12	50	115	445	9.63	2.62	0	2	false
12	51	117	471	9.97	0.33	0	2	false
12	52	121	480	8.72	7.61	0	2	false
12	53	64	452	9.4	-2.31	0	2	false
12	54	117	462	9.38	0.62	0	2	false
12	55	158	448	10.75	2.2	0	2	false
12	56	84	496	11.26	7.55	0	2	false
12	57	142	452	11.41	-1.41	0	2	false
12	58	99	483	9.9	6.97	0	2	false
12	59	137	490	10.37	3.99	0	2	false
12	60	273	234	7.17	3.71	0	3	true
12	61	374	304	7.85	4.97	0	3	false
12	62	341	303	7.83	2.92	0	3	false
12	63	336	260	7.43	6.09	0	3	false
12	64	339	318	7.12	5.96	0	3	false
12	65	340	284	6.51	4.7	0	3	false
12	66	338	258	7.87	3.34	0	3	false
12	67	336	239	6.41	2.97	0	3	false
12	68	337	258	8.04	5.48	0	3	false
12	69	348	264	6.57	3.68	0	3	false
12	70	338	273	6.96	4.23	0	3	false
12	71	338	295	6.32	2.14	0	3	false
12	72	350	260	7.09	2.74	0	3	false
12	73	316	252	6.79	1.72	0	3	false
12	74	312	265	6.49	4.67	0	3	false
12	75	336	267	6.93	5.02	0	3	false
12	76	341	259	6.95	2.03	0	3	false
12	77	363	260	6.56	4.14	0	3	false
12	78	344	286	6.35	6.12	0	3	false
12	79	358	314	7.34	1.17	0	3	false
12	80	304	223	7.77	1.34	0	4	true
12	81	284	137	7.67	1.78	0	4	false
12	82	268	131	7.43	3.44	0	4	false
12	83	283	100	8.33	3.55	0	4	false
12	84	286	128	8.9	-1.04	0	4	false
12	85	311	105	7.34	1.17	0	4	false
12	86	291	154	8.49	-1.43	0	4	false
12	87	288	121	7.31	-1.02	0	4	false
12	88	301	171	6.71	-0.31	0	4	false
12	89	303	138	8.44	-1.06	0	4	false
12	90	281	118	7.98	0.65	0	4	false
12	91	265	110	8.56	-0.86	0	4	false
12	92	281	115	8.82	3.62	0	4	false
12	93	291	129	7.17	2.46	0	4	false
12	94	282	107	8.03	3.69	0	4	false
12	95	288	162	6.62	-1.32	0	4	false
12	96	281	146	7.87	3.47	0	4	false
12	97	272	162	8.3	1.34	0	4	false
12	98	287	158	8.21	-0.93	0	4	false
12	99	268	132	8.69	3.3	0	4	false
13	0	409	241	7.46	6.17	0	0	true
13	1	333	218	8.54	0.12	0	0	false
13	2	310	254	6.95	6.34	0	0	false
13	3	330	221	8.48	1.41	0	0	false
13	4	311	287	7.44	4.25	0	0	false
13	5	300	215	6.39	0.22	0	0	false
13	6	323	264	6.73	5.23	0	0	false
13	7	345	246	8.04	8.1	0	0	false
13	8	331	235	7.54	2.42	0	0	false
13	9	324	247	7.4	4.94	0	0	false
13	10	334	241	7.19	5.79	0	0	false
13	11	336	285	7.36	3.24	0	0	false
13	12	313	267	7.31	7.87	0	0	false
13	13	310	236	7.31	1.74	0	0	false
13	14	308	272	8.49	7.39	0	0	false
13	15	310	248	7.99	7.36	0	0	false
13	16	353	251	6.59	7.04	0	0	false
13	17	275	248	7.65	5.78	0	0	false
13	18	319	235	6.54	-1.28	0	0	false
13	19	288	281	7.68	6.34	0	0	false
13	20	77	45	9.06	3.63	0	1	true
13	21	197	93	8.48	1.16	0	1	false
13	22	189	110	8.51	5.53	0	1	false
13	23	167	108	9.14	5.88	0	1	false
13	24	144	99	7.96	3.41	0	1	false
13	25	197	117	10.05	6.03	0	1	false
13	26	155	58	8.69	5.32	0	1	false
13	27	148	78	9.87	4.76	0	1	false
13	28	129	123	9.45	2.37	0	1	false
13	29	192	102	9.6	2.49	0	1	false
13	30	187	91	9	4.87	0	1	false
13	31	145	126	10.24	1.96	0	1	false
13	32	210	101	8.86	1.24	0	1	false
13	33	138	113	9.81	4.88	0	1	false
13	34	176	107	8.05	1.3	0	1	false
13	35	209	82	8.73	3.63	0	1	false
13	36	213	54	10.41	5.19	0	1	false
13	37	177	66	8.82	2.72	0	1	false
13	38	171	115	10.2	5.5	0	1	false
13	39	165	95	8.05	1.71	0	1	false
13	40	213	468	9.95	5.76	0	2	true
13	41	107	489	8.52	3.28	0	2	false
13	42	85	488	10.33	3.78	0	2	false
13	43	144	459	8.75	-1.97	0	2	false
13	44	147	469	8.76	8.74	0	2	false
13	45	74	454	10.38	1.66	0	2	false
13	46	107	493	11.37	6.9	0	2	false
13	47	103	457	10.28	-0.71	0	2	false
13	48	100	473	10.42	6.16	0	2	false
13	49	120	419	10.52	2.7	0	2	false
13	50	107	449	8.9	-2.65	0	2	false
13	51	126	474	9.3	7.81	0	2	false
13	52	123	489	10.94	6.69	0	2	false
13	53	58	445	9.86	1.39	0	2	false
13	54	125	467	10.21	-2.38	0	2	false
13	55	151	457	9.85	2.42	0	2	false
13	56	87	492	9.87	6.46	0	2	false
13	57	144	441	9.45	-0.27	0	2	false
13	58	106	489	9.08	7.63	0	2	false
13	59	130	483	11.35	8.75	0	2	false
13	60	267	231	7.17	3.71	0	3	true
13	61	376	296	8.15	2.56	0	3	false
13	62	334	305	8.01	6.69	0	3	false
13	63	343	258	7.29	5.54	0	3	false
13	64	346	316	6.55	3.97	0	3	false
13	65	340	278	6.65	4.51	0	3	false
13	66	331	257	7.27	3.82	0	3	false
13	67	330	240	8.18	3.6	0	3	false
13	68	342	252	7.84	3.78	0	3	false
13	69	342	260	6.42	4.6	0	3	false
13	70	335	267	6.78	3.33	0	3	false
13	71	335	300	7.21	6.16	0	3	false
13	72	344	263	8.09	6.02	0	3	false
13	73	315	259	7.79	3.08	0	3	false
13	74	312	259	6.13	1.68	0	3	false
13	75	338	260	6.64	0.87	0	3	false
13	76	338	265	7.7	3.25	0	3	false
13	77	359	254	8.04	5.44	0	3	false
13	78	351	285	6.98	3.94	0	3	false
13	79	361	320	6.13	2.13	0	3	false
13	80	306	231	7.77	1.34	0	4	true
13	81	282	145	8.34	1.2	0	4	false
13	82	261	129	8.44	-0.21	0	4	false
13	83	276	97	6.83	-0.32	0	4	false
13	84	291	121	8.45	4.15	0	4	false
13	85	314	112	7.82	1.04	0	4	false
13	86	293	145	8.34	0.98	0	4	false
13	87	291	114	8.39	2.14	0	4	false
13	88	307	169	6.91	-1.15	0	4	false
13	89	307	131	8.27	-0.96	0	4	false
13	90	288	123	7.48	0.08	0	4	false
13	91	270	103	8.77	3.89	0	4	false
13	92	273	111	7.29	-0.81	0	4	false
13	93	285	134	6.94	-0.11	0	4	false
13	94	275	103	7.85	-1	0	4	false
13	95	290	155	8.26	0.32	0	4	false
13	96	274	143	6.69	3.18	0	4	false
13	97	274	170	8	-0.23	0	4	false
13	98	292	152	7.13	4.2	0	4	false
13	99	259	131	6.68	-0.7	0	4	false
14	0	416	240	7.46	6.17	0	0	true
14	1	341	219	8.41	-1.79	0	0	false
14	2	317	255	6.99	5.76	0	0	false
14	3	332	229	6.5	-1.13	0	0	false
14	4	308	280	6.79	4.7	0	0	false
14	5	307	217	6.57	2.44	0	0	false
14	6	326	258	7.09	5.04	0	0	false
14	7	343	253	6.55	4.89	0	0	false
14	8	326	240	7.13	-1.99	0	0	false
14	9	325	240	7.13	1.72	0	0	false
14	10	340	238	6.86	0.84	0	0	false
14	11	329	284	8.48	3.04	0	0	false
14	12	313	275	8.46	6.77	0	0	false
14	13	309	243	8.31	3.87	0	0	false
14	14	311	280	7.99	5.42	0	0	false
14	15	314	255	7.49	4.9	0	0	false
14	16	358	256	6.93	4.73	0	0	false
14	17	281	244	7.08	3.76	0	0	false
14	18	321	229	6.5	0.13	0	0	false
14	19	296	281	8.53	7.04	0	0	false
14	20	69	40	9.06	3.63	0	1	true
14	21	201	101	9.59	2.08	0	1	false
14	22	196	104	8.66	2.45	0	1	false
14	23	175	104	8.3	2.7	0	1	false
14	24	137	97	10.21	4.69	0	1	false
14	25	207	114	7.95	0.96	0	1	false
14	26	160	51	7.74	0.77	0	1	false
14	27	149	68	7.95	2.66	0	1	false
14	28	122	129	9.42	3.32	0	1	false
14	29	184	108	9.02	4.83	0	1	false
14	30	189	82	7.79	3.16	0	1	false
14	31	141	135	8.12	3.05	0	1	false
14	32	213	109	9.57	5.8	0	1	false
14	33	139	103	8.01	5.63	0	1	false
14	34	179	115	7.95	4.4	0	1	false
14	35	201	78	10.03	3.62	0	1	false
14	36	217	45	9.32	2.39	0	1	false
14	37	169	70	9.87	5.01	0	1	false
14	38	178	108	8.04	6.12	0	1	false
14	39	164	103	7.93	1.22	0	1	false
14	40	222	463	9.95	5.76	0	2	true
14	41	99	488	8.84	3.42	0	2	false
14	42	77	482	10.53	6.58	0	2	false
14	43	141	451	8.86	-2.12	0	2	false
14	44	140	475	10.59	4.13	0	2	false
14	45	74	465	9.59	5.29	0	2	false
14	46	116	499	11.21	6.38	0	2	false
14	47	111	451	11.28	-0.49	0	2	false
14	48	110	472	9.7	4.89	0	2	false
14	49	111	424	9.94	-1.73	0	2	false
14	50	99	445	9.07	2.39	0	2	false
14	51	126	483	10.09	6.3	0	2	false
14	52	133	493	8.82	7.32	0	2	false
14	53	60	455	9.75	-1.95	0	2	false
14	54	118	460	11.33	-1.36	0	2	false
14	55	144	464	8.97	6.88	0	2	false
14	56	97	494	8.48	7.52	0	2	false
14	57	153	438	10.07	1.24	0	2	false
14	58	108	498	9.83	4.68	0	2	false
14	59	121	490	9.47	3.48	0	2	false
14	60	261	227	7.17	3.71	0	3	true
14	61	369	301	7.07	4.28	0	3	false
14	62	341	308	8.11	1.75	0	3	false
14	63	349	253	7.47	3.01	0	3	false
14	64	342	311	8.05	5.65	0	3	false
14	65	338	271	7.29	3.78	0	3	false
14	66	325	252	7.72	0.87	0	3	false
14	67	323	236	7.59	3.08	0	3	false
14	68	336	248	6.39	4.12	0	3	false
14	69	342	254	6.36	3.53	0	3	false
14	70	328	266	8.01	4.95	0	3	false
14	71	342	299	7.67	3.71	0	3	false
14	72	352	261	7.96	1.61	0	3	false
14	73	307	259	6.87	2.2	0	3	false
14	74	311	265	7.45	4.64	0	3	false
14	75	342	265	6.55	5.96	0	3	false
14	76	331	264	7.64	2.03	0	3	false
14	77	365	248	6.82	3.85	0	3	false
14	78	346	280	6.28	2.62	0	3	false
14	79	358	326	7.41	4.07	0	3	false
14	80	308	238	7.77	1.34	0	4	true
14	81	285	152	8.12	3.74	0	4	false
14	82	269	127	7.85	0.07	0	4	false
14	83	282	94	6.66	-0.18	0	4	false
14	84	286	113	8.32	0.65	0	4	false
14	85	318	119	7.27	1.23	0	4	false
14	86	297	152	7	-1.23	0	4	false
14	87	287	122	8.07	3.23	0	4	false
14	88	310	163	8.4	1.44	0	4	false
14	89	312	124	7.87	3.56	0	4	false
14	90	295	123	8.8	0.36	0	4	false
14	91	264	97	7.75	0.25	0	4	false
14	92	278	106	7.76	2.92	0	4	false
14	93	292	133	6.86	-0.57	0	4	false
14	94	279	97	8.93	-0.68	0	4	false
14	95	298	158	6.84	-1.29	0	4	false
14	96	267	143	8.43	3.06	0	4	false
14	97	281	168	7.53	1.94	0	4	false
14	98	288	145	8.09	0.81	0	4	false
14	99	264	126	8.36	1.85	0	4	false
15	0	424	239	7.46	6.17	0	0	true
15	1	339	211	7.07	-2.31	0	0	false
15	2	323	251	7.24	8.92	0	0	false
15	3	334	223	8.42	-1.32	0	0	false
15	4	308	274	6.39	7.7	0	0	false
15	5	301	221	6.97	-1.93	0	0	false
15	6	329	251	6.68	6.69	0	0	false
15	7	344	247	8.45	8.05	0	0	false
15	8	323	233	8.55	-2.08	0	0	false
15	9	324	247	8.21	5.63	0	0	false
15	10	344	243	6.54	4.22	0	0	false
15	11	320	285	6.43	8.29	0	0	false
15	12	321	279	7.85	8.53	0	0	false
15	13	303	238	7.26	0.52	0	0	false
15	14	316	274	6.89	3.76	0	0	false
15	15	316	248	7.29	3.52	0	0	false
15	16	358	249	7.26	8.38	0	0	false
15	17	276	240	6.95	5.12	0	0	false
15	18	327	230	6.88	1.82	0	0	false
15	19	302	287	8.54	6.27	0	0	false
15	20	61	36	9.06	3.63	0	1	true
15	21	196	109	10.36	6.44	0	1	false
15	22	189	110	8.81	1.77	0	1	false
15	23	168	108	8.42	1.35	0	1	false
15	24	136	87	9.13	2.06	0	1	false
15	25	211	121	8.98	5.59	0	1	false
15	26	166	57	8.38	4.39	0	1	false
15	27	142	72	9.58	6.25	0	1	false
15	28	113	127	7.98	2.48	0	1	false
15	29	185	99	10.28	5.8	0	1	false
15	30	181	82	7.87	5.89	0	1	false
15	31	133	136	8.89	5.1	0	1	false
15	32	221	104	9.5	4.67	0	1	false
15	33	146	98	9.61	3.15	0	1	false
15	34	176	107	8.55	1.71	0	1	false
15	35	193	73	9.15	4.66	0	1	false
15	36	211	51	10.37	1.2	0	1	false
15	37	172	60	10.25	3.95	0	1	false
15	38	186	107	9.22	1.05	0	1	false
15	39	167	110	8.62	3.61	0	1	false
15	40	230	458	9.95	5.76	0	2	true
15	41	90	485	9.15	4.96	0	2	false
15	42	87	485	10.39	6.98	0	2	false
15	43	136	443	9.62	-2.47	0	2	false
15	44	134	466	10.94	5.66	0	2	false
15	45	79	457	11.37	-2.27	0	2	false
15	46	127	499	8.69	8.43	0	2	false
15	47	121	445	9.96	0.85	0	2	false
15	48	112	462	11.34	7.62	0	2	false
15	49	109	414	10.83	-1.57	0	2	false
15	50	92	451	11.38	-1.76	0	2	false
15	51	136	483	9.56	8.78	0	2	false
15	52	138	498	10.61	5.85	0	2	false
15	53	56	446	9.38	-2.02	0	2	false
15	54	120	449	10.15	2.72	0	2	false
15	55	152	469	9.72	3.86	0	2	false
15	56	100	497	9.35	3.24	0	2	false
15	57	156	448	10.25	2.28	0	2	false
15	58	108	488	10.28	3.59	0	2	false
15	59	112	486	11.21	5.53	0	2	false
15	60	254	223	7.17	3.71	0	3	true
15	61	366	294	8.23	3.76	0	3	false
15	62	340	316	7.81	5.05	0	3	false
15	63	341	254	7.94	4.93	0	3	false
15	64	348	307	7.52	4.68	0	3	false
15	65	333	267	7.18	6.13	0	3	false
15	66	330	258	7.61	4.71	0	3	false
15	67	315	237	8.19	5.37	0	3	false
15	68	332	242	7.36	2.81	0	3	false
15	69	336	252	7.95	6.18	0	3	false
15	70	330	258	7.49	5.2	0	3	false
15	71	336	295	7.32	2.67	0	3	false
15	72	351	269	7.95	4.28	0	3	false
15	73	303	265	6.61	5.59	0	3	false
15	74	310	257	8.04	1.7	0	3	false
15	75	348	263	7.85	5.96	0	3	false
15	76	327	271	6.44	5.45	0	3	false
15	77	360	244	6.48	0.85	0	3	false
15	78	340	283	7.32	4.74	0	3	false
15	79	353	320	7.84	5.14	0	3	false
15	80	310	246	7.77	1.34	0	4	true
15	81	279	148	7.53	1.86	0	4	false
15	82	277	127	7.99	2.24	0	4	false
15	83	289	93	7.59	0.77	0	4	false
15	84	293	118	8.2	2.69	0	4	false
15	85	320	126	6.67	2.32	0	4	false
15	86	300	146	7.54	4.29	0	4	false
15	87	279	121	8.41	3.23	0	4	false
15	88	311	171	8.65	0.44	0	4	false
15	89	305	121	8.45	0.83	0	4	false
15	90	303	127	7.76	0.03	0	4	false
15	91	272	99	6.95	-0.27	0	4	false
15	92	271	107	8.01	3.8	0	4	false
15	93	298	129	7.3	4.09	0	4	false
15	94	286	91	7.75	3.2	0	4	false
15	95	299	151	8.06	1.44	0	4	false
15	96	259	143	7.11	-0.25	0	4	false
15	97	279	175	7.64	-1.57	0	4	false
15	98	294	151	7.64	1.11	0	4	false
15	99	262	134	8.91	2.56	0	4	false
