models=Pursue	selected=Random Walk	walkingtime=20	selected=random initializer	scale=1.0	params=0.0,1.0,	bias=0.0	distribution=jsc.distributions.Uniform	scale=1.0	params=0.0,1.0,	bias=0.0	distribution=jsc.distributions.Uniform	maxpausetime=10	minspeed=5	selected=squarereflect	height=500	width=500	maxspeed=10	selected=NullPowerAlgorithm	locationinitializer=Null	adr=0.45	maps=squarereflect	height=500	width=500	leadersmodeloffset=0.0,0.0,	sdr=0.15	pergrouprange=false	extratraces=true	groupsizes=20,20,20,20,20,	rangealgorithms=NullPowerAlgorithm	maxinitialdistance=0	filenamegenerator=simple	seed=outputtrace	numberiterate=true	defaultfilter=edu.sharif.ce.dml.common.data.trace.filter.DirectoryFilter	isinput=false	fileaddress=output	multiple=false	tracewriter=text	nodenumber=100	maxsimulationtime=1000
Time	Node	PositionX	PositionY	Speed	Direction Angle	Range	GroupNumber	Is Leader
1	0	29	42	6.06	5.92	0	0	true
1	1	21	49	5.73	8.32	0	0	false
1	2	26	49	6.72	6.66	0	0	false
1	3	28	41	5.3	1.83	0	0	false
1	4	28	49	6.59	7.1	0	0	false
1	5	17	42	5.16	-0.47	0	0	false
1	6	25	49	5.5	6.85	0	0	false
1	7	18	42	6.55	-1.37	0	0	false
1	8	28	39	6.63	-0.36	0	0	false
1	9	18	47	6.26	4.98	0	0	false
1	10	30	47	5.86	6.25	0	0	false
1	11	24	38	5.96	2.64	0	0	false
1	12	28	41	6.75	-1.34	0	0	false
1	13	27	48	5.89	7.1	0	0	false
1	14	26	39	6.31	-0.38	0	0	false
1	15	26	38	6.62	0.75	0	0	false
1	16	26	38	6.46	0.36	0	0	false
1	17	18	41	6.61	0.32	0	0	false
1	18	24	49	6.32	3.09	0	0	false
1	19	20	39	6.07	1.89	0	0	false
1	20	100	206	8.8	0.13	0	1	true
1	21	86	196	9.58	-1.81	0	1	false
1	22	87	198	8.33	1.26	0	1	false
1	23	82	201	7.61	0.44	0	1	false
1	24	93	213	8.04	4.66	0	1	false
1	25	83	201	8.42	2.41	0	1	false
1	26	84	208	9.22	7.35	0	1	false
1	27	100	206	8.21	2	0	1	false
1	28	86	211	8.29	5.14	0	1	false
1	29	90	195	8.66	2.32	0	1	false
1	30	83	199	7.56	-0.75	0	1	false
1	31	84	202	9.79	-0.12	0	1	false
1	32	88	214	7.65	4.08	0	1	false
1	33	85	198	9.33	0.2	0	1	false
1	34	87	197	9.29	3.12	0	1	false
1	35	94	196	9.07	2.17	0	1	false
1	36	87	213	9.04	4.94	0	1	false
1	37	85	212	8.41	5.46	0	1	false
1	38	100	202	8.73	-0.41	0	1	false
1	39	99	200	9.99	2.42	0	1	false
1	40	397	365	9.71	2.45	0	2	true
1	41	400	366	11.03	2.37	0	2	false
1	42	397	364	8.47	3.53	0	2	false
1	43	400	367	9.15	4.27	0	2	false
1	44	413	362	8.51	5.35	0	2	false
1	45	403	369	9.56	1.67	0	2	false
1	46	413	356	9.46	1.57	0	2	false
1	47	406	350	11.03	0.47	0	2	false
1	48	413	362	9.65	3.66	0	2	false
1	49	412	353	8.26	4.15	0	2	false
1	50	412	364	10.46	1.06	0	2	false
1	51	406	368	9.71	5.46	0	2	false
1	52	414	359	9.75	2.74	0	2	false
1	53	400	352	8.59	-0.42	0	2	false
1	54	398	351	10.81	-0.55	0	2	false
1	55	412	365	9.46	1.47	0	2	false
1	56	414	360	9.06	3.89	0	2	false
1	57	399	366	8.77	2.19	0	2	false
1	58	409	367	10.87	2.35	0	2	false
1	59	402	367	9.3	3.82	0	2	false
1	60	166	305	9.42	0.27	0	3	true
1	61	150	296	8.16	2.06	0	3	false
1	62	148	298	8.7	2.75	0	3	false
1	63	163	310	9.05	6.52	0	3	false
1	64	154	312	8.18	5.12	0	3	false
1	65	150	297	10.1	2.7	0	3	false
1	66	160	293	9.96	0.25	0	3	false
1	67	162	309	9.38	3.53	0	3	false
1	68	164	308	9.09	6.39	0	3	false
1	69	166	308	9.29	3.37	0	3	false
1	70	167	301	8.73	3.11	0	3	false
1	71	156	312	8.81	7.45	0	3	false
1	72	164	296	9.69	-0.93	0	3	false
1	73	149	297	8.2	2.85	0	3	false
1	74	149	296	8.1	0.81	0	3	false
1	75	159	310	8.64	7.21	0	3	false
1	76	160	312	9.69	3.04	0	3	false
1	77	167	297	9.25	-0.11	0	3	false
1	78	157	292	9.19	3.34	0	3	false
1	79	153	311	9.46	6.58	0	3	false
1	80	471	162	6.7	1.26	0	4	true
1	81	462	159	6.42	-2.2	0	4	false
1	82	470	149	7.2	0.44	0	4	false
1	83	475	154	6.67	0.8	0	4	false
1	84	469	161	6.1	1.27	0	4	false
1	85	471	149	6.29	1.83	0	4	false
1	86	473	160	5.8	1.62	0	4	false
1	87	462	152	6.24	3.48	0	4	false
1	88	463	151	5.78	1.86	0	4	false
1	89	465	160	6.86	-0.71	0	4	false
1	90	463	151	6.08	-0.35	0	4	false
1	91	475	154	6.24	0.4	0	4	false
1	92	466	161	6.2	-0.72	0	4	false
1	93	466	161	6.66	-2.72	0	4	false
1	94	464	151	6.54	-0.99	0	4	false
1	95	471	150	6.58	0.2	0	4	false
1	96	473	150	7.22	1.61	0	4	false
1	97	475	156	7.37	3.67	0	4	false
1	98	473	161	6.1	5.13	0	4	false
1	99	470	149	6.41	-0.2	0	4	false
2	0	35	40	6.06	5.92	0	0	true
2	1	18	54	6.89	4.41	0	0	false
2	2	33	52	5.27	4.8	0	0	false
2	3	27	46	5.97	6.97	0	0	false
2	4	32	54	6.16	4.64	0	0	false
2	5	22	39	5.44	2.21	0	0	false
2	6	30	52	5.5	7.48	0	0	false
2	7	19	35	5.21	1.81	0	0	false
2	8	34	37	6.7	0.04	0	0	false
2	9	19	41	5.26	3.45	0	0	false
2	10	35	47	6.5	6.49	0	0	false
2	11	19	41	5.28	3.81	0	0	false
2	12	29	34	6.12	1.81	0	0	false
2	13	31	52	6.52	6.64	0	0	false
2	14	31	37	6.38	2.09	0	0	false
2	15	31	43	6	3.51	0	0	false
2	16	32	41	5.84	3.96	0	0	false
2	17	24	43	5.4	4.95	0	0	false
2	18	18	50	5.77	6.22	0	0	false
2	19	18	45	5.54	7.72	0	0	false
2	20	108	207	8.8	0.13	0	1	true
2	21	83	187	8.4	-1.64	0	1	false
2	22	89	205	8.47	-1.32	0	1	false
2	23	88	204	9.52	-2.03	0	1	false
2	24	92	205	7.84	-1.67	0	1	false
2	25	76	207	8.54	2.45	0	1	false
2	26	88	216	9.31	5.11	0	1	false
2	27	96	214	8.68	5.84	0	1	false
2	28	90	203	9.05	-1.9	0	1	false
2	29	84	202	9.89	-1.51	0	1	false
2	30	88	194	10.02	-1.15	0	1	false
2	31	94	201	8.91	-2.34	0	1	false
2	32	83	208	9.64	7.44	0	1	false
2	33	95	200	7.53	2.75	0	1	false
2	34	78	197	7.96	-1.38	0	1	false
2	35	89	203	8.6	-2.39	0	1	false
2	36	89	204	8.97	1.58	0	1	false
2	37	91	206	8.59	-0.2	0	1	false
2	38	108	199	8.11	2.63	0	1	false
2	39	91	207	8.38	2.37	0	1	false
2	40	390	371	9.71	2.45	0	2	true
2	41	392	374	9.54	3.8	0	2	false
2	42	389	361	9.38	1.45	0	2	false
2	43	396	359	10.37	0.42	0	2	false
2	44	418	356	10.28	4.97	0	2	false
2	45	402	379	10.14	6.28	0	2	false
2	46	413	366	10.64	1.92	0	2	false
2	47	416	355	9.81	4.39	0	2	false
2	48	405	357	9.51	4.57	0	2	false
2	49	407	346	10.95	-0.43	0	2	false
2	50	417	373	10.8	3.14	0	2	false
2	51	413	360	8.93	5.42	0	2	false
2	52	405	363	9.4	0.57	0	2	false
2	53	408	348	8.89	2.15	0	2	false
2	54	408	345	11.06	2.24	0	2	false
2	55	413	374	10.82	5.17	0	2	false
2	56	407	354	10.94	4.89	0	2	false
2	57	394	374	9.93	1.67	0	2	false
2	58	402	375	9.1	1.7	0	2	false
2	59	395	361	9.85	1.38	0	2	false
2	60	175	307	9.42	0.27	0	3	true
2	61	146	303	10.37	0.12	0	3	false
2	62	140	302	10.32	1.82	0	3	false
2	63	172	312	10.42	4.35	0	3	false
2	64	158	304	9.94	2.47	0	3	false
2	65	141	301	8.93	2.02	0	3	false
2	66	169	295	9.77	0.8	0	3	false
2	67	153	306	10.46	-1.32	0	3	false
2	68	173	309	8.67	3.56	0	3	false
2	69	157	306	9.13	0.13	0	3	false
2	70	158	301	10.77	0.37	0	3	false
2	71	160	320	8.38	4.01	0	3	false
2	72	170	288	10.33	1.46	0	3	false
2	73	141	299	10.15	-2.54	0	3	false
2	74	154	302	9.64	-1.07	0	3	false
2	75	165	317	8.18	3.23	0	3	false
2	76	151	313	9.82	6.66	0	3	false
2	77	176	296	9.78	-0.07	0	3	false
2	78	148	290	9.31	0.96	0	3	false
2	79	162	313	9.91	5.39	0	3	false
2	80	473	168	6.7	1.26	0	4	true
2	81	458	154	6.75	1.47	0	4	false
2	82	476	152	7.13	1.69	0	4	false
2	83	480	159	5.77	2.87	0	4	false
2	84	471	167	7.69	-0.29	0	4	false
2	85	469	155	6.15	2.69	0	4	false
2	86	473	166	7.44	1.13	0	4	false
2	87	456	150	6	3.11	0	4	false
2	88	462	157	7.18	1.38	0	4	false
2	89	470	156	7.06	4.13	0	4	false
2	90	469	149	5.8	1.2	0	4	false
2	91	481	157	6.35	2.37	0	4	false
2	92	470	157	7.11	-1.15	0	4	false
2	93	460	158	6.74	1.49	0	4	false
2	94	467	146	7.21	-0.92	0	4	false
2	95	478	151	6.72	1.47	0	4	false
2	96	473	157	5.75	2.66	0	4	false
2	97	469	152	7.65	0.15	0	4	false
2	98	476	155	6.03	2.88	0	4	false
2	99	476	148	7.69	3.02	0	4	false
3	0	41	38	6.06	5.92	0	0	true
3	1	16	48	5.46	5.74	0	0	false
3	2	33	47	5.92	2.97	0	0	false
3	3	31	50	5.56	3.03	0	0	false
3	4	32	48	6.13	7.57	0	0	false
3	5	18	44	6.84	6.5	0	0	false
3	6	32	58	6.48	7.15	0	0	false
3	7	18	40	6.46	3.94	0	0	false
3	8	40	37	5.27	2.55	0	0	false
3	9	14	40	5.9	6.98	0	0	false
3	10	42	48	5.8	3.63	0	0	false
3	11	15	38	5.97	0.25	0	0	false
3	12	28	40	6.24	6.37	0	0	false
3	13	37	55	5.3	6.78	0	0	false
3	14	28	42	6.96	3.94	0	0	false
3	15	26	41	6.64	6.86	0	0	false
3	16	28	36	6.71	-1.64	0	0	false
3	17	25	38	6.85	3.49	0	0	false
3	18	23	49	6.51	4.99	0	0	false
3	19	19	50	5.44	3.19	0	0	false
3	20	117	208	8.8	0.13	0	1	true
3	21	83	179	8.43	2.52	0	1	false
3	22	91	197	7.76	1.16	0	1	false
3	23	84	196	9.63	1.87	0	1	false
3	24	92	197	8.83	1.2	0	1	false
3	25	70	212	10.02	8.43	0	1	false
3	26	92	208	7.89	-1.76	0	1	false
3	27	104	210	8.93	8.97	0	1	false
3	28	87	195	9.59	-0.59	0	1	false
3	29	85	192	8.72	0.11	0	1	false
3	30	92	185	9.96	0.12	0	1	false
3	31	88	194	9.02	3.04	0	1	false
3	32	87	217	7.77	7.47	0	1	false
3	33	88	203	9.3	0.06	0	1	false
3	34	79	190	9.23	3.26	0	1	false
3	35	82	198	9.54	-2.23	0	1	false
3	36	89	213	7.6	4.86	0	1	false
3	37	99	204	9.22	0.04	0	1	false
3	38	100	203	10.04	-1.49	0	1	false
3	39	85	213	8.2	6.63	0	1	false
3	40	382	378	9.71	2.45	0	2	true
3	41	384	368	9.08	0.07	0	2	false
3	42	390	370	11.04	0.43	0	2	false
3	43	406	363	10.39	4.65	0	2	false
3	44	421	346	8.46	2.36	0	2	false
3	45	412	379	9.68	4.51	0	2	false
3	46	409	376	10.32	0.83	0	2	false
3	47	413	346	8.58	4.55	0	2	false
3	48	404	348	8.62	2.07	0	2	false
3	49	417	341	8.27	4.53	0	2	false
3	50	407	373	9.42	0.55	0	2	false
3	51	419	354	10.5	4.43	0	2	false
3	52	413	368	9.2	0.22	0	2	false
3	53	403	356	10.53	0.67	0	2	false
3	54	401	354	8.28	4.74	0	2	false
3	55	418	365	8.86	0.45	0	2	false
3	56	409	343	8.44	-0.04	0	2	false
3	57	393	383	10.79	5.6	0	2	false
3	58	401	384	9.14	0.98	0	2	false
3	59	396	371	9.69	2.65	0	2	false
3	60	185	310	9.42	0.27	0	3	true
3	61	156	305	10.7	-1.98	0	3	false
3	62	137	312	9.63	5.52	0	3	false
3	63	168	302	8.36	1.56	0	3	false
3	64	150	310	10.22	5.08	0	3	false
3	65	137	309	10.65	-2.37	0	3	false
3	66	176	302	10.04	1.61	0	3	false
3	67	156	296	9.27	2.69	0	3	false
3	68	165	305	8.93	1.89	0	3	false
3	69	166	307	8.4	-0.22	0	3	false
3	70	168	305	8.21	0.85	0	3	false
3	71	155	314	8.81	5.93	0	3	false
3	72	171	299	8.34	-0.28	0	3	false
3	73	133	293	10.23	-1.87	0	3	false
3	74	159	294	8.88	1.08	0	3	false
3	75	156	316	8.75	7.24	0	3	false
3	76	160	317	9.28	3.78	0	3	false
3	77	186	296	10.74	2.57	0	3	false
3	78	153	297	8.35	-0.23	0	3	false
3	79	169	306	9.07	1.26	0	3	false
3	80	475	174	6.7	1.26	0	4	true
3	81	459	160	6.95	2.58	0	4	false
3	82	475	159	5.98	2.14	0	4	false
3	83	474	160	5.97	1.49	0	4	false
3	84	478	165	7.25	0.9	0	4	false
3	85	463	158	6.35	-1.59	0	4	false
3	86	476	173	7.36	2.96	0	4	false
3	87	450	150	7.09	-1.99	0	4	false
3	88	463	164	5.85	-1.76	0	4	false
3	89	466	150	7.14	2.62	0	4	false
3	90	471	155	6.58	-0.5	0	4	false
3	91	476	161	6.86	1.53	0	4	false
3	92	473	151	6.45	0.36	0	4	false
3	93	460	165	6.02	-2.1	0	4	false
3	94	472	140	6.54	3.5	0	4	false
3	95	479	158	5.76	-0.83	0	4	false
3	96	468	160	6.03	2.7	0	4	false
3	97	477	153	6.72	0.7	0	4	false
3	98	470	157	5.93	-0.64	0	4	false
3	99	468	149	7.03	-1.26	0	4	false
4	0	46	36	6.06	5.92	0	0	true
4	1	21	45	5.94	6.24	0	0	false
4	2	27	48	6.96	4.98	0	0	false
4	3	26	50	6.97	4.34	0	0	false
4	4	33	54	5.99	7.82	0	0	false
4	5	25	45	5.68	6.65	0	0	false
4	6	36	62	6.19	3.01	0	0	false
4	7	13	36	5.68	9.03	0	0	false
4	8	36	40	6.29	4.1	0	0	false
4	9	19	43	6.07	5.42	0	0	false
4	10	37	45	6.35	7	0	0	false
4	11	21	39	6.69	8.82	0	0	false
4	12	34	40	6.03	5.25	0	0	false
4	13	42	57	6.31	2.22	0	0	false
4	14	24	37	5.2	4.7	0	0	false
4	15	31	44	6.68	5.05	0	0	false
4	16	27	30	5.55	-2.44	0	0	false
4	17	19	36	6.01	7.92	0	0	false
4	18	25	43	6.27	7.87	0	0	false
4	19	14	50	6.42	7.32	0	0	false
4	20	126	209	8.8	0.13	0	1	true
4	21	76	183	8.96	0.81	0	1	false
4	22	95	204	8.1	1.02	0	1	false
4	23	81	205	8.32	-1.14	0	1	false
4	24	95	205	8.87	1.3	0	1	false
4	25	64	221	8.49	3.92	0	1	false
4	26	90	200	7.76	2.68	0	1	false
4	27	96	214	9.87	8.87	0	1	false
4	28	95	189	9.41	2.69	0	1	false
4	29	94	193	9.39	-0.38	0	1	false
4	30	102	186	9.4	2.14	0	1	false
4	31	79	195	10.07	0.58	0	1	false
4	32	90	224	7.78	4.72	0	1	false
4	33	97	203	7.91	1.15	0	1	false
4	34	70	188	9.44	-0.57	0	1	false
4	35	76	190	8.14	1.35	0	1	false
4	36	90	206	8.89	2.01	0	1	false
4	37	108	205	9.29	-1.57	0	1	false
4	38	101	193	8.31	-0.63	0	1	false
4	39	93	216	9.47	8.44	0	1	false
4	40	375	384	9.71	2.45	0	2	true
4	41	393	369	9.96	2	0	2	false
4	42	400	375	8.52	2.89	0	2	false
4	43	405	352	8.51	2.03	0	2	false
4	44	415	352	10.39	0.08	0	2	false
4	45	410	369	8.84	5.39	0	2	false
4	46	416	383	10.1	5.37	0	2	false
4	47	411	337	9.68	3.31	0	2	false
4	48	399	356	10.07	0.5	0	2	false
4	49	416	333	10	1.89	0	2	false
4	50	415	378	10.16	2.31	0	2	false
4	51	416	344	11.03	-0.23	0	2	false
4	52	422	370	9.07	1.94	0	2	false
4	53	411	362	11.04	0.57	0	2	false
4	54	401	346	10.36	0.28	0	2	false
4	55	426	369	8.29	5.12	0	2	false
4	56	418	343	9.9	3.81	0	2	false
4	57	401	377	10.14	3.3	0	2	false
4	58	406	392	9.77	2.45	0	2	false
4	59	388	375	9.74	1.19	0	2	false
4	60	194	312	9.42	0.27	0	3	true
4	61	152	295	9.63	2.68	0	3	false
4	62	144	305	8.68	2.43	0	3	false
4	63	168	311	9.02	0.91	0	3	false
4	64	154	301	10.15	1.8	0	3	false
4	65	130	302	8.19	-0.47	0	3	false
4	66	176	312	8.29	1.77	0	3	false
4	67	147	300	8.83	2.87	0	3	false
4	68	163	314	8.6	5.86	0	3	false
4	69	174	305	9.03	0.58	0	3	false
4	70	174	311	9.94	-2.27	0	3	false
4	71	163	311	10.8	0.25	0	3	false
4	72	179	296	10.32	-0.42	0	3	false
4	73	130	284	8.93	-2.21	0	3	false
4	74	163	301	9.26	3.14	0	3	false
4	75	161	324	10.05	8.37	0	3	false
4	76	152	311	10.34	2.34	0	3	false
4	77	177	302	10.28	-1.22	0	3	false
4	78	161	296	8.34	-1.29	0	3	false
4	79	171	314	10.55	4.13	0	3	false
4	80	477	181	6.7	1.26	0	4	true
4	81	453	164	7.35	-0.61	0	4	false
4	82	472	164	5.99	-0.31	0	4	false
4	83	475	166	7.29	3.97	0	4	false
4	84	483	171	6.87	3.24	0	4	false
4	85	463	151	7.35	-0.26	0	4	false
4	86	469	174	5.83	-0.77	0	4	false
4	87	447	144	6.51	-1.34	0	4	false
4	88	462	158	6.83	2.48	0	4	false
4	89	460	154	7.11	-1.53	0	4	false
4	90	477	152	7.51	-0.02	0	4	false
4	91	477	168	7.58	3.98	0	4	false
4	92	479	153	7.46	2.75	0	4	false
4	93	457	160	6.8	1.41	0	4	false
4	94	465	138	6.42	2.15	0	4	false
4	95	482	154	6.97	1.08	0	4	false
4	96	462	162	6.02	-1.39	0	4	false
4	97	482	158	7.36	2.6	0	4	false
4	98	475	153	6.89	-0.85	0	4	false
4	99	470	142	6.51	-0.25	0	4	false
5	0	52	33	6.06	5.92	0	0	true
5	1	27	45	6.1	4.83	0	0	false
5	2	29	41	6.95	5.02	0	0	false
5	3	23	44	5.88	8.02	0	0	false
5	4	34	59	5.44	8.09	0	0	false
5	5	30	47	5.66	7.63	0	0	false
5	6	30	63	6.11	3.68	0	0	false
5	7	8	38	6.84	4.64	0	0	false
5	8	33	35	5.22	5.85	0	0	false
5	9	23	39	6.7	3.28	0	0	false
5	10	41	50	5.74	7.98	0	0	false
5	11	15	43	5.3	5.24	0	0	false
5	12	37	35	5.8	5.38	0	0	false
5	13	38	62	6.64	2.73	0	0	false
5	14	23	32	5.19	-0.5	0	0	false
5	15	33	38	5.21	5.32	0	0	false
5	16	23	26	6.46	-1.7	0	0	false
5	17	18	42	5.27	7.01	0	0	false
5	18	25	49	6.52	4.68	0	0	false
5	19	17	56	6.93	5.83	0	0	false
5	20	135	211	8.8	0.13	0	1	true
5	21	82	190	8.89	-2.41	0	1	false
5	22	99	211	8.71	6.04	0	1	false
5	23	85	197	9.77	-2.35	0	1	false
5	24	97	214	9.91	4.68	0	1	false
5	25	58	215	9.53	3.64	0	1	false
5	26	83	203	7.66	-1.96	0	1	false
5	27	88	219	9.13	4.58	0	1	false
5	28	86	193	7.71	0.12	0	1	false
5	29	102	189	9.32	1.76	0	1	false
5	30	97	194	10.07	1.81	0	1	false
5	31	87	201	9.11	-1.17	0	1	false
5	32	90	216	9.14	8.81	0	1	false
5	33	100	210	7.74	-2.75	0	1	false
5	34	78	183	10.08	-0.45	0	1	false
5	35	78	198	9.67	0.46	0	1	false
5	36	86	214	8.25	5.89	0	1	false
5	37	108	195	8.85	-1.22	0	1	false
5	38	108	188	9.32	0.9	0	1	false
5	39	88	223	7.5	6.74	0	1	false
5	40	368	390	9.71	2.45	0	2	true
5	41	389	378	10.08	0.43	0	2	false
5	42	392	377	9.89	3.11	0	2	false
5	43	401	360	8.81	3.32	0	2	false
5	44	425	352	9.42	0.44	0	2	false
5	45	416	362	9.21	3.95	0	2	false
5	46	422	375	10.39	1.04	0	2	false
5	47	402	336	10.62	0.35	0	2	false
5	48	408	360	9.1	2.81	0	2	false
5	49	412	343	9.63	2.79	0	2	false
5	50	408	386	9.92	3.95	0	2	false
5	51	427	341	10.74	3.23	0	2	false
5	52	419	378	9.8	2.78	0	2	false
5	53	420	368	10.28	4.54	0	2	false
5	54	411	349	8.79	4.01	0	2	false
5	55	429	361	10.47	3.39	0	2	false
5	56	410	337	9.23	2.73	0	2	false
5	57	391	375	9.96	1.3	0	2	false
5	58	398	398	8.8	4.58	0	2	false
5	59	391	384	10.8	0.44	0	2	false
5	60	203	315	9.42	0.27	0	3	true
5	61	143	299	9.9	0.01	0	3	false
5	62	138	310	9.69	0.7	0	3	false
5	63	174	318	9.29	5.2	0	3	false
5	64	151	311	10.22	1.29	0	3	false
5	65	137	298	8.92	-1.05	0	3	false
5	66	174	320	9.26	3.85	0	3	false
5	67	139	302	10.6	-0.92	0	3	false
5	68	170	310	8.77	-1.66	0	3	false
5	69	181	310	8.47	0.66	0	3	false
5	70	167	304	9.35	2.58	0	3	false
5	71	173	314	9.9	-1.81	0	3	false
5	72	188	292	9.54	-0.44	0	3	false
5	73	125	277	10.73	-1.89	0	3	false
5	74	154	301	10.43	-0.91	0	3	false
5	75	156	332	8.53	5.47	0	3	false
5	76	145	319	8.48	7.69	0	3	false
5	77	180	292	10.45	-0.35	0	3	false
5	78	164	288	10.02	-0.54	0	3	false
5	79	166	305	8.61	-1.39	0	3	false
5	80	479	187	6.7	1.26	0	4	true
5	81	459	160	5.86	-0.08	0	4	false
5	82	478	162	6.73	2.51	0	4	false
5	83	470	161	7.13	0.62	0	4	false
5	84	476	170	6.23	3.86	0	4	false
5	85	470	149	7.67	3.37	0	4	false
5	86	473	170	7.17	-0.15	0	4	false
5	87	448	137	6.87	2.85	0	4	false
5	88	457	162	7.48	-1.42	0	4	false
5	89	460	147	6.65	3.15	0	4	false
5	90	484	152	7.52	1.1	0	4	false
5	91	471	162	6	1.57	0	4	false
5	92	472	156	7.25	1.05	0	4	false
5	93	458	167	6.45	-1.05	0	4	false
5	94	462	143	6.92	-0.52	0	4	false
5	95	486	160	7.29	0.07	0	4	false
5	96	463	156	6.78	1.89	0	4	false
5	97	475	161	6.58	1.04	0	4	false
5	98	479	148	6.28	3.79	0	4	false
5	99	477	140	7.04	3.77	0	4	false
6	0	58	31	6.06	5.92	0	0	true
6	1	28	39	5.24	4.87	0	0	false
6	2	31	34	6.36	5.65	0	0	false
6	3	22	50	5.31	7.63	0	0	false
6	4	32	65	5.31	2.87	0	0	false
6	5	32	53	6.77	6.99	0	0	false
6	6	25	60	6.29	5.98	0	0	false
6	7	8	31	6.59	-0.91	0	0	false
6	8	37	32	5.42	5.86	0	0	false
6	9	16	38	6.45	4.37	0	0	false
6	10	41	55	6.69	4.53	0	0	false
6	11	18	38	5.83	7.03	0	0	false
6	12	41	31	5.21	0.77	0	0	false
6	13	32	65	6.06	4.77	0	0	false
6	14	28	30	5.57	0.14	0	0	false
6	15	36	34	6.65	6.07	0	0	false
6	16	22	20	5.27	0.97	0	0	false
6	17	22	45	5.76	6.42	0	0	false
6	18	25	43	6.84	3.43	0	0	false
6	19	23	53	5.19	3.37	0	0	false
6	20	143	212	8.8	0.13	0	1	true
6	21	76	184	9.54	1.64	0	1	false
6	22	107	209	9.05	-0.99	0	1	false
6	23	78	190	8.82	1.65	0	1	false
6	24	97	204	8.36	0.61	0	1	false
6	25	50	210	7.99	0.83	0	1	false
6	26	81	196	8.2	2.89	0	1	false
6	27	87	210	8	1.57	0	1	false
6	28	94	194	9.2	2.12	0	1	false
6	29	101	199	8.09	2.39	0	1	false
6	30	95	204	7.94	-1.82	0	1	false
6	31	91	192	7.85	0.09	0	1	false
6	32	83	221	8.53	3.79	0	1	false
6	33	93	207	9.01	-0.12	0	1	false
6	34	87	179	8.55	2.51	0	1	false
6	35	87	202	9.6	1.37	0	1	false
6	36	94	211	7.52	-0.82	0	1	false
6	37	111	187	9.21	-2.17	0	1	false
6	38	114	195	8.7	2.73	0	1	false
6	39	94	227	9.53	4.63	0	1	false
6	40	360	396	9.71	2.45	0	2	true
6	41	398	382	8.74	5.03	0	2	false
6	42	382	377	10.78	-0.07	0	2	false
6	43	393	358	9.58	0.3	0	2	false
6	44	434	356	11.1	4.59	0	2	false
6	45	410	356	9.87	1.43	0	2	false
6	46	427	384	10.45	1.74	0	2	false
6	47	412	339	9.43	0.48	0	2	false
6	48	400	363	9.79	0.81	0	2	false
6	49	403	346	8.52	1.42	0	2	false
6	50	401	379	10.31	1.71	0	2	false
6	51	416	340	9.6	1.12	0	2	false
6	52	410	382	10.14	5.26	0	2	false
6	53	419	358	9.96	2.33	0	2	false
6	54	405	342	8.6	0.71	0	2	false
6	55	419	358	10.66	2.5	0	2	false
6	56	401	340	8.35	2.69	0	2	false
6	57	394	385	10.1	4.22	0	2	false
6	58	397	389	10.44	0.65	0	2	false
6	59	401	389	8.79	0.45	0	2	false
6	60	212	317	9.42	0.27	0	3	true
6	61	153	299	10.48	0.79	0	3	false
6	62	145	317	10.76	-1.99	0	3	false
6	63	178	309	10.82	0.91	0	3	false
6	64	154	321	8.65	5.46	0	3	false
6	65	142	290	8.97	-0.44	0	3	false
6	66	167	314	10.35	1.7	0	3	false
6	67	145	294	9.35	1.37	0	3	false
6	68	170	301	9.31	1.55	0	3	false
6	69	188	315	8.51	2.57	0	3	false
6	70	159	309	9.18	0.24	0	3	false
6	71	171	304	9.41	2.95	0	3	false
6	72	197	288	10.3	-0.58	0	3	false
6	73	121	266	8.11	2.69	0	3	false
6	74	160	293	9.84	-0.82	0	3	false
6	75	162	326	10.43	8.31	0	3	false
6	76	147	327	8.42	7.84	0	3	false
6	77	190	288	9.7	-0	0	3	false
6	78	172	282	9.32	0.3	0	3	false
6	79	167	297	10.32	1.32	0	3	false
6	80	481	194	6.7	1.26	0	4	true
6	81	465	159	6.91	0.71	0	4	false
6	82	472	166	5.74	1.16	0	4	false
6	83	476	165	6.92	4.1	0	4	false
6	84	471	166	5.7	-1.55	0	4	false
6	85	463	148	6.3	-0.88	0	4	false
6	86	480	169	6.25	2.47	0	4	false
6	87	442	139	6.32	1.08	0	4	false
6	88	458	155	5.96	0.48	0	4	false
6	89	454	146	6.43	3.48	0	4	false
6	90	488	158	7.14	-0.52	0	4	false
6	91	471	168	5.98	-0.67	0	4	false
6	92	476	162	6.9	3.2	0	4	false
6	93	461	161	5.97	2	0	4	false
6	94	468	140	6.29	1.31	0	4	false
6	95	493	161	6.64	3.93	0	4	false
6	96	461	163	7.42	1.08	0	4	false
6	97	479	167	7.25	1.28	0	4	false
6	98	474	144	7.11	3.58	0	4	false
6	99	471	136	6.37	-0.55	0	4	false
7	0	63	29	6.06	5.92	0	0	true
7	1	28	33	6.73	4.95	0	0	false
7	2	36	31	6.95	3.68	0	0	false
7	3	23	55	6.24	8.43	0	0	false
7	4	27	66	6.55	6.84	0	0	false
7	5	37	57	5.34	8.2	0	0	false
7	6	31	58	6.59	4.51	0	0	false
7	7	12	26	5.99	-1.26	0	0	false
7	8	42	30	6.02	4.7	0	0	false
7	9	14	32	6.32	4.09	0	0	false
7	10	39	49	6.36	7.89	0	0	false
7	11	22	42	5.41	5.27	0	0	false
7	12	44	34	6.01	6.85	0	0	false
7	13	32	59	5.8	6.54	0	0	false
7	14	33	31	6.51	5.1	0	0	false
7	15	43	32	6.84	4.23	0	0	false
7	16	25	24	5.99	1.89	0	0	false
7	17	28	46	5.19	6.24	0	0	false
7	18	18	41	6.55	3.26	0	0	false
7	19	18	51	5.79	6.52	0	0	false
7	20	152	213	8.8	0.13	0	1	true
7	21	75	193	9.27	0.85	0	1	false
7	22	112	202	7.51	2.45	0	1	false
7	23	77	199	8.48	-1.12	0	1	false
7	24	104	209	8.5	-1.39	0	1	false
7	25	55	216	9.28	7.22	0	1	false
7	26	73	198	9.74	0.04	0	1	false
7	27	87	218	9.48	4.74	0	1	false
7	28	89	202	8.61	0.07	0	1	false
7	29	95	204	10.07	-2.23	0	1	false
7	30	93	196	7.65	-0.16	0	1	false
7	31	98	193	9.47	-1.66	0	1	false
7	32	76	216	9.32	3.63	0	1	false
7	33	102	206	9.97	0.62	0	1	false
7	34	80	184	9.41	-1.21	0	1	false
7	35	89	212	9.66	1.73	0	1	false
7	36	99	205	9.83	2.3	0	1	false
7	37	106	180	7.9	-0.19	0	1	false
7	38	106	199	9.21	-2.13	0	1	false
7	39	94	217	8.37	4.48	0	1	false
7	40	353	403	9.71	2.45	0	2	true
7	41	401	373	11.03	2.99	0	2	false
7	42	393	377	9.1	4.82	0	2	false
7	43	402	361	8.83	2.91	0	2	false
7	44	433	345	10.25	3.56	0	2	false
7	45	411	365	9.07	-0.13	0	2	false
7	46	426	395	10.97	5.13	0	2	false
7	47	420	344	10.1	4.33	0	2	false
7	48	406	370	10.17	5.18	0	2	false
7	49	405	355	8.86	0.91	0	2	false
7	50	399	389	8.7	5.18	0	2	false
7	51	420	349	9.39	1.59	0	2	false
7	52	415	373	8.54	5.12	0	2	false
7	53	412	365	10.49	1.52	0	2	false
7	54	412	348	10.15	5.05	0	2	false
7	55	411	365	9.82	2.62	0	2	false
7	56	394	344	8.38	-0.1	0	2	false
7	57	389	376	9.26	1.31	0	2	false
7	58	405	395	10.37	0.25	0	2	false
7	59	409	393	9.9	1.16	0	2	false
7	60	221	320	9.42	0.27	0	3	true
7	61	161	307	8.84	-1.51	0	3	false
7	62	141	307	8.68	1.14	0	3	false
7	63	185	318	8.51	-2.26	0	3	false
7	64	160	314	9.92	-0.91	0	3	false
7	65	150	287	10.32	-1.88	0	3	false
7	66	166	325	9.47	6.83	0	3	false
7	67	147	303	8.83	0.67	0	3	false
7	68	170	311	9.73	2.9	0	3	false
7	69	181	320	10.15	0.06	0	3	false
7	70	168	311	10.52	2.32	0	3	false
7	71	162	306	9.45	-0.02	0	3	false
7	72	206	282	9.83	0.16	0	3	false
7	73	114	270	8.95	0.38	0	3	false
7	74	167	286	10.19	1.64	0	3	false
7	75	158	335	10.66	8.1	0	3	false
7	76	147	335	9.84	4.88	0	3	false
7	77	200	288	10.21	-1.51	0	3	false
7	78	181	285	10.44	-0.66	0	3	false
7	79	170	307	10.21	-0.86	0	3	false
7	80	483	200	6.7	1.26	0	4	true
7	81	470	164	6.85	-0.39	0	4	false
7	82	475	171	7.02	2.82	0	4	false
7	83	472	159	7.25	-1.23	0	4	false
7	84	471	160	6.26	2.36	0	4	false
7	85	467	143	6.81	2.93	0	4	false
7	86	475	173	6.08	3.03	0	4	false
7	87	445	145	6.8	1.77	0	4	false
7	88	463	158	6.13	3.68	0	4	false
7	89	448	144	7.59	-0.66	0	4	false
7	90	494	155	7.01	2.95	0	4	false
7	91	476	165	7.63	2.9	0	4	false
7	92	469	162	5.76	0.61	0	4	false
7	93	459	167	7.15	0.81	0	4	false
7	94	470	146	6.46	2.44	0	4	false
7	95	488	156	7.19	2.28	0	4	false
7	96	465	169	7.26	2.52	0	4	false
7	97	481	174	7.57	3.76	0	4	false
7	98	468	141	7.42	0.67	0	4	false
7	99	476	133	6.61	3.28	0	4	false
8	0	69	27	6.06	5.92	0	0	true
8	1	30	27	5.2	-1.6	0	0	false
8	2	30	27	5.62	1.27	0	0	false
8	3	20	60	6.36	7.67	0	0	false
8	4	33	70	5.21	3.25	0	0	false
8	5	35	62	5.38	7.08	0	0	false
8	6	29	52	5.95	8.31	0	0	false
8	7	14	20	5.44	0.48	0	0	false
8	8	42	24	5.85	1.32	0	0	false
8	9	10	27	6.77	-0.85	0	0	false
8	10	39	55	6.44	7.13	0	0	false
8	11	25	38	6.87	7.43	0	0	false
8	12	49	38	6.91	7.58	0	0	false
8	13	38	60	6.04	7.89	0	0	false
8	14	36	24	6.87	2.06	0	0	false
8	15	40	26	6.15	-0.15	0	0	false
8	16	23	30	5.36	5.28	0	0	false
8	17	33	46	6.59	5.98	0	0	false
8	18	12	40	5.69	5.64	0	0	false
8	19	24	53	6.19	7.6	0	0	false
8	20	161	214	8.8	0.13	0	1	true
8	21	81	200	9.21	2.28	0	1	false
8	22	106	206	9.67	-1.8	0	1	false
8	23	81	192	8.46	2.35	0	1	false
8	24	105	200	9.2	-0.22	0	1	false
8	25	61	224	8.24	8.87	0	1	false
8	26	82	199	8.88	2.24	0	1	false
8	27	87	208	7.87	-0.91	0	1	false
8	28	98	203	9.11	0.34	0	1	false
8	29	89	196	8.92	2.43	0	1	false
8	30	100	195	9.25	-1.57	0	1	false
8	31	98	183	9.04	-1.62	0	1	false
8	32	68	212	8.7	-1.32	0	1	false
8	33	110	212	7.83	0.33	0	1	false
8	34	84	175	8.33	1.59	0	1	false
8	35	87	221	8.16	6.95	0	1	false
8	36	92	213	9.24	-0.16	0	1	false
8	37	114	178	9.19	3.23	0	1	false
8	38	101	191	8.85	2.25	0	1	false
8	39	92	209	7.89	-1.32	0	1	false
8	40	345	409	9.71	2.45	0	2	true
8	41	390	375	10.11	3.93	0	2	false
8	42	394	368	8.76	1.11	0	2	false
8	43	393	363	10.79	3.4	0	2	false
8	44	423	341	9.14	-0.2	0	2	false
8	45	420	364	9.81	3.38	0	2	false
8	46	430	385	9.51	4.22	0	2	false
8	47	416	334	8.87	3.25	0	2	false
8	48	411	361	8.46	-0.15	0	2	false
8	49	410	362	8.94	3.86	0	2	false
8	50	403	381	9.12	0.06	0	2	false
8	51	420	358	9.99	3.07	0	2	false
8	52	419	365	10.28	0.65	0	2	false
8	53	412	376	9.14	0.33	0	2	false
8	54	415	338	10.32	2.6	0	2	false
8	55	402	370	11.04	1.03	0	2	false
8	56	402	343	10.99	2.05	0	2	false
8	57	392	385	10.95	0.79	0	2	false
8	58	415	398	9.09	0.35	0	2	false
8	59	413	402	8.8	1.39	0	2	false
8	60	230	322	9.42	0.27	0	3	true
8	61	161	298	10.6	-2.44	0	3	false
8	62	144	315	9.84	-1.5	0	3	false
8	63	180	311	10.07	-1.25	0	3	false
8	64	166	306	9.58	-2.48	0	3	false
8	65	146	277	8.83	2.79	0	3	false
8	66	174	329	9.98	3.37	0	3	false
8	67	154	308	10.53	0.74	0	3	false
8	68	160	313	8.9	2.44	0	3	false
8	69	191	320	8.86	-1.05	0	3	false
8	70	161	319	9.05	1.93	0	3	false
8	71	171	306	10.17	0.53	0	3	false
8	72	215	284	8.11	3.84	0	3	false
8	73	122	273	9.84	2.81	0	3	false
8	74	166	296	9.6	0.23	0	3	false
8	75	155	346	8.43	7.66	0	3	false
8	76	148	326	9.79	8.04	0	3	false
8	77	200	278	10.27	0.86	0	3	false
8	78	189	279	9.3	3.43	0	3	false
8	79	176	299	10.15	-0.63	0	3	false
8	80	485	206	6.7	1.26	0	4	true
8	81	476	161	6.59	-0.49	0	4	false
8	82	468	174	7.25	0.79	0	4	false
8	83	474	152	6.75	3.88	0	4	false
8	84	467	165	7.32	-1.18	0	4	false
8	85	460	144	5.85	0.43	0	4	false
8	86	469	174	7.38	0.38	0	4	false
8	87	444	151	6.42	-0.49	0	4	false
8	88	458	155	5.94	3.61	0	4	false
8	89	454	140	6.84	0.96	0	4	false
8	90	487	156	6.35	3.93	0	4	false
8	91	469	166	7.5	2.01	0	4	false
8	92	474	165	6.43	1.08	0	4	false
8	93	464	172	7.68	0.11	0	4	false
8	94	465	150	6.62	-0.3	0	4	false
8	95	484	161	7	-0.9	0	4	false
8	96	459	173	7.33	1.86	0	4	false
8	97	475	170	6.75	3.24	0	4	false
8	98	474	146	6.66	3.69	0	4	false
8	99	470	132	7.24	-1.41	0	4	false
9	0	75	25	6.06	5.92	0	0	true
9	1	30	22	6.86	-1.7	0	0	false
9	2	32	32	5.27	3.6	0	0	false
9	3	21	66	5.84	5.33	0	0	false
9	4	28	69	5.55	3.6	0	0	false
9	5	39	66	5.25	3.72	0	0	false
9	6	27	57	5.85	5.63	0	0	false
9	7	18	23	6.22	2.51	0	0	false
9	8	44	30	5.36	5	0	0	false
9	9	15	21	5.49	1.43	0	0	false
9	10	44	60	5.82	4.19	0	0	false
9	11	28	44	5.33	5.3	0	0	false
9	12	51	44	5.91	4.04	0	0	false
9	13	38	66	6.65	5.09	0	0	false
9	14	33	31	5.94	4.23	0	0	false
9	15	46	25	5.82	3.75	0	0	false
9	16	26	25	5.87	5.21	0	0	false
9	17	39	44	6.22	6.12	0	0	false
9	18	16	37	5.5	4.53	0	0	false
9	19	25	59	5.85	4.5	0	0	false
9	20	169	215	8.8	0.13	0	1	true
9	21	75	207	9.94	1.39	0	1	false
9	22	104	197	9.75	1.57	0	1	false
9	23	75	198	8.85	0.98	0	1	false
9	24	114	198	9.56	0.61	0	1	false
9	25	54	228	9.66	3.75	0	1	false
9	26	77	206	7.49	2.66	0	1	false
9	27	92	202	9.23	-1.68	0	1	false
9	28	106	206	9.98	-1.1	0	1	false
9	29	82	202	8.69	1.56	0	1	false
9	30	100	186	8.95	1.25	0	1	false
9	31	97	174	9.15	-0.57	0	1	false
9	32	70	203	8.01	1.04	0	1	false
9	33	117	215	8.48	-2.51	0	1	false
9	34	84	184	7.58	-0.43	0	1	false
9	35	94	226	8.55	4.96	0	1	false
9	36	101	211	9.4	-1.81	0	1	false
9	37	105	177	8.4	-0.08	0	1	false
9	38	95	198	9.35	2.49	0	1	false
9	39	94	201	8.37	-2.12	0	1	false
9	40	338	415	9.71	2.45	0	2	true
9	41	383	368	8.77	1.5	0	2	false
9	42	398	375	8.62	3.9	0	2	false
9	43	383	361	10.93	3.72	0	2	false
9	44	432	339	10.54	4.63	0	2	false
9	45	410	362	8.44	1.58	0	2	false
9	46	426	376	10.4	3.93	0	2	false
9	47	407	333	9.34	5	0	2	false
9	48	419	360	11.05	5.17	0	2	false
9	49	403	356	10.43	4.37	0	2	false
9	50	412	382	10.55	1.88	0	2	false
9	51	410	359	9.28	3.67	0	2	false
9	52	427	372	8.26	3.31	0	2	false
9	53	421	379	11.17	3.51	0	2	false
9	54	406	343	9.66	1.89	0	2	false
9	55	408	379	10.67	4.71	0	2	false
9	56	397	353	11.17	-0.18	0	2	false
9	57	399	392	9.38	2.99	0	2	false
9	58	424	401	8.54	1.86	0	2	false
9	59	415	411	9.14	0.5	0	2	false
9	60	239	325	9.42	0.27	0	3	true
9	61	153	291	9.52	-0.48	0	3	false
9	62	145	305	8.44	-0.22	0	3	false
9	63	183	302	9.78	-1.02	0	3	false
9	64	158	300	9.08	1.79	0	3	false
9	65	138	280	9.08	2.77	0	3	false
9	66	164	327	8.92	4.52	0	3	false
9	67	162	315	8.45	-0.47	0	3	false
9	68	154	319	8.63	-0.62	0	3	false
9	69	195	313	9.99	-0.28	0	3	false
9	70	158	327	8.26	4.87	0	3	false
9	71	180	311	10.77	1.95	0	3	false
9	72	209	279	10.02	-0.86	0	3	false
9	73	113	276	8.59	-0.66	0	3	false
9	74	176	298	10.36	2.88	0	3	false
9	75	157	354	9.48	3.43	0	3	false
9	76	147	335	10.14	3.88	0	3	false
9	77	207	286	10.38	0.35	0	3	false
9	78	181	276	8.64	2.44	0	3	false
9	79	185	293	8.2	0.37	0	3	false
9	80	487	213	6.7	1.26	0	4	true
9	81	482	158	7.41	0.72	0	4	false
9	82	473	179	6.69	-0.57	0	4	false
9	83	469	148	5.94	4.09	0	4	false
9	84	470	158	6.43	3.26	0	4	false
9	85	466	147	7.54	2.5	0	4	false
9	86	476	176	6.78	3.96	0	4	false
9	87	449	148	6.44	-0.95	0	4	false
9	88	452	152	7.63	-1.13	0	4	false
9	89	457	145	6.94	-0.33	0	4	false
9	90	482	152	6.79	0.95	0	4	false
9	91	466	173	7.18	0.97	0	4	false
9	92	477	171	6.06	1.07	0	4	false
9	93	471	172	7	3.53	0	4	false
9	94	471	148	7.23	3.52	0	4	false
9	95	488	156	6.27	3.62	0	4	false
9	96	457	181	6.57	-1.14	0	4	false
9	97	468	169	7.07	3.62	0	4	false
9	98	468	142	6.98	-0.99	0	4	false
9	99	471	125	5.97	-0.35	0	4	false
10	0	80	23	6.06	5.92	0	0	true
10	1	29	15	6.33	2.2	0	0	false
10	2	27	30	6.05	4.03	0	0	false
10	3	24	62	5.37	3.31	0	0	false
10	4	23	67	6.74	4.68	0	0	false
10	5	34	63	6.82	3.02	0	0	false
10	6	32	54	6.55	4.27	0	0	false
10	7	13	26	5.2	3.79	0	0	false
10	8	45	25	5.47	8.17	0	0	false
10	9	16	27	6.33	4.14	0	0	false
10	10	41	55	6.05	5.84	0	0	false
10	11	31	40	5.8	6.35	0	0	false
10	12	48	40	6.33	7.24	0	0	false
10	13	40	60	6.7	3.05	0	0	false
10	14	30	25	5.34	5.36	0	0	false
10	15	41	22	6.2	-0.04	0	0	false
10	16	29	20	5.93	-2.1	0	0	false
10	17	46	43	6.87	3.48	0	0	false
10	18	15	31	5.77	8.62	0	0	false
10	19	24	53	6.37	7.22	0	0	false
10	20	178	216	8.8	0.13	0	1	true
10	21	77	217	9.63	5.15	0	1	false
10	22	104	207	9.61	2.25	0	1	false
10	23	80	205	8.32	-0.65	0	1	false
10	24	122	204	9.97	0.04	0	1	false
10	25	46	222	8.52	4.85	0	1	false
10	26	70	209	9	1.03	0	1	false
10	27	91	193	7.49	-2.43	0	1	false
10	28	111	197	9.1	0.08	0	1	false
10	29	82	211	9.69	1.48	0	1	false
10	30	103	194	9.36	-0.16	0	1	false
10	31	105	169	9.53	-0.47	0	1	false
10	32	74	210	8.07	-1.92	0	1	false
10	33	111	210	9.46	-1.81	0	1	false
10	34	90	180	8.05	-0.24	0	1	false
10	35	96	218	8.01	3.44	0	1	false
10	36	99	202	8.66	0.24	0	1	false
10	37	113	177	7.95	-1.28	0	1	false
10	38	88	203	10.1	-0.35	0	1	false
10	39	89	194	7.54	-0.43	0	1	false
10	40	330	421	9.71	2.45	0	2	true
10	41	384	377	10.01	0.14	0	2	false
10	42	392	369	8.69	0.06	0	2	false
10	43	374	355	8.83	3.37	0	2	false
10	44	431	329	8.41	3.39	0	2	false
10	45	410	370	8.46	3.43	0	2	false
10	46	418	369	10.14	4.4	0	2	false
10	47	410	324	8.48	0.61	0	2	false
10	48	424	350	10.41	-0.28	0	2	false
10	49	400	346	8.96	3.93	0	2	false
10	50	409	392	8.29	2.72	0	2	false
10	51	402	354	9.56	2.71	0	2	false
10	52	419	370	8.61	3.01	0	2	false
10	53	410	375	8.3	1.96	0	2	false
10	54	403	353	11.12	4.8	0	2	false
10	55	408	368	8.91	0.58	0	2	false
10	56	408	351	9.55	4.43	0	2	false
10	57	390	394	8.7	0.86	0	2	false
10	58	422	409	8.62	4.31	0	2	false
10	59	423	415	9.16	2.91	0	2	false
10	60	248	327	9.42	0.27	0	3	true
10	61	162	287	10.26	-0.21	0	3	false
10	62	153	303	10.41	-1.56	0	3	false
10	63	188	294	8.42	-1.62	0	3	false
10	64	156	309	10.28	-0.07	0	3	false
10	65	130	283	9.03	2.98	0	3	false
10	66	163	318	9.45	-0.6	0	3	false
10	67	169	311	8.55	0.12	0	3	false
10	68	161	314	10.53	1.02	0	3	false
10	69	205	310	9.5	1.98	0	3	false
10	70	159	319	8.11	-0.55	0	3	false
10	71	176	321	9.98	0.5	0	3	false
10	72	216	271	10.83	3.29	0	3	false
10	73	120	271	8.85	0.83	0	3	false
10	74	165	301	9.32	2.17	0	3	false
10	75	148	351	8.56	6.52	0	3	false
10	76	139	329	9.49	8.91	0	3	false
10	77	217	289	9.32	-1.52	0	3	false
10	78	174	282	9.69	0.82	0	3	false
10	79	192	296	8.81	2.44	0	3	false
10	80	489	219	6.7	1.26	0	4	true
10	81	488	163	6.64	1.77	0	4	false
10	82	479	175	6.46	2.69	0	4	false
10	83	466	143	6.78	-0.37	0	4	false
10	84	463	157	6.49	0.53	0	4	false
10	85	460	151	7.15	-0.1	0	4	false
10	86	471	172	6.29	-1.55	0	4	false
10	87	453	143	7.26	-0.28	0	4	false
10	88	456	145	7.29	-1.01	0	4	false
10	89	464	143	6.69	2.77	0	4	false
10	90	486	157	5.88	1.59	0	4	false
10	91	470	179	7.6	2.82	0	4	false
10	92	480	176	7.55	-1.31	0	4	false
10	93	465	170	5.86	1.86	0	4	false
10	94	464	146	6.12	3.32	0	4	false
10	95	482	153	5.87	3.59	0	4	false
10	96	459	175	6.34	-1.51	0	4	false
10	97	462	166	6.11	0.98	0	4	false
10	98	472	137	7.1	1.61	0	4	false
10	99	477	123	6.81	3.93	0	4	false
11	0	86	21	6.06	5.92	0	0	true
11	1	25	20	5.94	1.78	0	0	false
11	2	24	25	5.81	7.76	0	0	false
11	3	19	61	5.6	7.35	0	0	false
11	4	22	60	5.38	3.32	0	0	false
11	5	27	64	5.84	8.31	0	0	false
11	6	29	48	5.67	3.48	0	0	false
11	7	9	23	6.69	4.93	0	0	false
11	8	43	30	6.67	4.65	0	0	false
11	9	12	22	6.15	8.67	0	0	false
11	10	46	52	6.51	4.41	0	0	false
11	11	37	40	5.74	3.15	0	0	false
11	12	51	45	6.08	6.06	0	0	false
11	13	34	61	6.64	7.41	0	0	false
11	14	33	21	6.96	3.48	0	0	false
11	15	47	22	6.34	5.21	0	0	false
11	16	26	15	6.1	-0.45	0	0	false
11	17	39	41	6.59	3.86	0	0	false
11	18	11	36	5.32	7.74	0	0	false
11	19	28	58	5.42	5.52	0	0	false
11	20	187	218	8.8	0.13	0	1	true
11	21	81	208	7.55	-0.56	0	1	false
11	22	98	214	8.22	-0.6	0	1	false
11	23	87	200	8	-1.64	0	1	false
11	24	132	204	9.01	-0.93	0	1	false
11	25	47	214	8.05	2.16	0	1	false
11	26	75	217	9.18	0.22	0	1	false
11	27	85	188	8.6	-1.85	0	1	false
11	28	120	198	8.91	1.58	0	1	false
11	29	83	220	8.2	7.74	0	1	false
11	30	112	193	8.08	-0.62	0	1	false
11	31	113	165	8.06	-2.2	0	1	false
11	32	71	203	9.95	-1.86	0	1	false
11	33	108	200	9.72	-1.94	0	1	false
11	34	98	179	9.24	-1.76	0	1	false
11	35	88	216	9.92	1.7	0	1	false
11	36	107	204	9.29	-2.6	0	1	false
11	37	115	169	9.28	-1.54	0	1	false
11	38	97	200	8.06	1.64	0	1	false
11	39	96	191	7.52	-2.5	0	1	false
11	40	323	428	9.71	2.45	0	2	true
11	41	394	378	10.79	0.77	0	2	false
11	42	400	370	10.43	0.84	0	2	false
11	43	365	353	11.1	4.59	0	2	false
11	44	423	327	8.99	5.13	0	2	false
11	45	402	368	11.13	0.28	0	2	false
11	46	415	359	9.83	5.27	0	2	false
11	47	417	329	10.02	-0.01	0	2	false
11	48	434	347	11.13	1.67	0	2	false
11	49	394	339	11.06	0.58	0	2	false
11	50	402	395	8.85	1.11	0	2	false
11	51	393	358	11.12	0.63	0	2	false
11	52	410	371	9.51	2.01	0	2	false
11	53	407	383	10.19	5.19	0	2	false
11	54	404	341	10.95	4.5	0	2	false
11	55	415	373	10.35	1.1	0	2	false
11	56	405	342	10.88	1.59	0	2	false
11	57	396	400	10.93	1.78	0	2	false
11	58	418	401	9	3.39	0	2	false
11	59	414	417	10.21	2.45	0	2	false
11	60	257	330	9.42	0.27	0	3	true
11	61	172	285	10.4	0.93	0	3	false
11	62	153	293	10.06	2.64	0	3	false
11	63	187	285	9.82	-0.17	0	3	false
11	64	167	309	10.56	-2.24	0	3	false
11	65	121	284	9.95	0.23	0	3	false
11	66	170	313	8.27	1.03	0	3	false
11	67	178	313	10.82	2.66	0	3	false
11	68	166	323	8.94	-0.45	0	3	false
11	69	201	319	9.71	1.02	0	3	false
11	70	166	315	8.64	-1.15	0	3	false
11	71	185	325	8.79	-1.46	0	3	false
11	72	205	269	8.38	3.56	0	3	false
11	73	126	278	8.46	-0.92	0	3	false
11	74	160	309	10.37	2.85	0	3	false
11	75	156	353	8.22	4.43	0	3	false
11	76	131	333	9.51	8.84	0	3	false
11	77	217	280	10.16	-1.43	0	3	false
11	78	181	289	9.48	1.46	0	3	false
11	79	185	302	9.25	-1.62	0	3	false
11	80	491	225	6.7	1.26	0	4	true
11	81	486	170	7.58	-0.77	0	4	false
11	82	473	178	5.77	-0.71	0	4	false
11	83	472	141	7.05	2.23	0	4	false
11	84	469	160	7.63	-0.85	0	4	false
11	85	467	150	7.11	0.21	0	4	false
11	86	471	165	5.97	-0.48	0	4	false
11	87	460	141	7.02	2.93	0	4	false
11	88	460	139	5.85	-1.5	0	4	false
11	89	458	145	7.66	2.43	0	4	false
11	90	486	163	6.41	2.28	0	4	false
11	91	462	182	5.86	3.51	0	4	false
11	92	482	169	7.34	3.04	0	4	false
11	93	463	175	7.61	1.82	0	4	false
11	94	458	144	6.33	3.08	0	4	false
11	95	477	150	6.12	3.7	0	4	false
11	96	460	168	6.16	0.68	0	4	false
11	97	465	171	6.53	-0.03	0	4	false
11	98	472	144	7.65	-1.12	0	4	false
11	99	472	118	6.62	0.78	0	4	false
12	0	92	19	6.06	5.92	0	0	true
12	1	24	26	6.91	6.77	0	0	false
12	2	24	31	6.62	5.46	0	0	false
12	3	22	66	5.77	4.38	0	0	false
12	4	17	59	5.26	7.43	0	0	false
12	5	25	69	6.6	3.62	0	0	false
12	6	23	46	5.46	3.25	0	0	false
12	7	11	17	5.42	-2.13	0	0	false
12	8	43	23	5.43	6.8	0	0	false
12	9	8	26	5.22	4.08	0	0	false
12	10	44	46	5.79	3.39	0	0	false
12	11	31	40	6.04	5.78	0	0	false
12	12	57	43	6.39	3.41	0	0	false
12	13	36	67	6.6	4.29	0	0	false
12	14	27	19	5.78	3.76	0	0	false
12	15	50	16	6.39	1.2	0	0	false
12	16	31	12	5.86	-1.82	0	0	false
12	17	34	36	5.67	6.43	0	0	false
12	18	12	41	6.14	7.83	0	0	false
12	19	32	54	5.3	8.06	0	0	false
12	20	196	219	8.8	0.13	0	1	true
12	21	87	204	9.86	-2.11	0	1	false
12	22	105	210	7.53	1.92	0	1	false
12	23	86	192	8.32	-0.68	0	1	false
12	24	138	197	9.11	1.89	0	1	false
12	25	43	221	9.27	7.86	0	1	false
12	26	84	219	9.98	5.02	0	1	false
12	27	83	180	8.49	-2.03	0	1	false
12	28	120	206	8.37	-1.84	0	1	false
12	29	84	228	9.42	4.13	0	1	false
12	30	119	188	8.73	1.02	0	1	false
12	31	109	159	8.6	1.36	0	1	false
12	32	68	193	9.68	-1.32	0	1	false
12	33	105	191	8.17	3.02	0	1	false
12	34	96	169	8.91	1.87	0	1	false
12	35	87	225	7.57	4.45	0	1	false
12	36	99	199	8.19	2	0	1	false
12	37	116	160	9.96	2.23	0	1	false
12	38	97	208	9.94	2.09	0	1	false
12	39	90	187	7.8	0.86	0	1	false
12	40	315	434	9.71	2.45	0	2	true
12	41	401	386	8.34	2.31	0	2	false
12	42	407	378	9.71	1.8	0	2	false
12	43	364	342	9.69	1.6	0	2	false
12	44	427	319	9.15	4.94	0	2	false
12	45	413	371	10.4	-0.05	0	2	false
12	46	421	351	10.48	2.23	0	2	false
12	47	427	329	9.32	0.12	0	2	false
12	48	433	358	11.1	4.51	0	2	false
12	49	403	346	8.63	3.18	0	2	false
12	50	406	403	9.31	5.21	0	2	false
12	51	402	365	10.2	3.82	0	2	false
12	52	406	380	10.08	0.3	0	2	false
12	53	412	374	10.11	2.91	0	2	false
12	54	402	331	9.47	-0.23	0	2	false
12	55	420	383	9.02	5.38	0	2	false
12	56	405	353	10.45	3.49	0	2	false
12	57	393	411	8.96	2.18	0	2	false
12	58	409	399	10.48	0.4	0	2	false
12	59	406	424	8.85	5.51	0	2	false
12	60	266	333	9.42	0.27	0	3	true
12	61	178	293	10.67	3.1	0	3	false
12	62	144	298	10.2	-0.78	0	3	false
12	63	197	283	9.82	2.45	0	3	false
12	64	160	300	9.92	-1.24	0	3	false
12	65	130	287	9.54	2.94	0	3	false
12	66	175	320	8.88	2.03	0	3	false
12	67	168	318	8.9	0.45	0	3	false
12	68	174	319	9.88	-0.34	0	3	false
12	69	206	327	8.83	1.47	0	3	false
12	70	170	307	9.63	-2.33	0	3	false
12	71	186	317	8.48	1.64	0	3	false
12	72	197	266	9.01	1.85	0	3	false
12	73	131	271	10.14	-2.28	0	3	false
12	74	150	312	8.28	-2.02	0	3	false
12	75	154	345	9.36	7.96	0	3	false
12	76	123	338	10	8.57	0	3	false
12	77	219	270	9.42	3.18	0	3	false
12	78	182	298	10.58	2.12	0	3	false
12	79	185	293	9.84	-1.84	0	3	false
12	80	493	232	6.7	1.26	0	4	true
12	81	492	164	6.05	1	0	4	false
12	82	477	174	6.77	-0.24	0	4	false
12	83	468	146	6.59	-1.01	0	4	false
12	84	474	155	5.87	0.12	0	4	false
12	85	474	152	5.91	1.77	0	4	false
12	86	477	162	6.89	1.18	0	4	false
12	87	453	143	7.11	-0.9	0	4	false
12	88	460	133	6.29	1.47	0	4	false
12	89	452	150	6.66	1.4	0	4	false
12	90	482	168	5.9	2.47	0	4	false
12	91	457	179	6.64	1.25	0	4	false
12	92	474	170	7.21	2.65	0	4	false
12	93	461	183	5.77	3.28	0	4	false
12	94	452	145	6.41	-0.53	0	4	false
12	95	472	147	6.28	-0.26	0	4	false
12	96	464	172	7.01	0.04	0	4	false
12	97	472	170	6.93	0.26	0	4	false
12	98	475	137	6.17	2.19	0	4	false
12	99	477	123	7.5	3.03	0	4	false
